300	1e-07
300.2	1e-07
300.4	1e-07
300.6	1e-07
300.8	1e-07
301	1e-07
301.2	1e-07
301.4	1e-07
301.6	1e-07
301.8	1e-07
302	1e-07
302.2	1e-07
302.4	1e-07
302.6	1e-07
302.8	1e-07
303	1e-07
303.2	1e-07
303.4	1e-07
303.6	1e-07
303.8	1e-07
304	1e-07
304.2	1e-07
304.4	1e-07
304.6	1e-07
304.8	1e-07
305	1e-07
305.2	1e-07
305.4	1e-07
305.6	1e-07
305.8	1e-07
306	1e-07
306.2	1e-07
306.4	1e-07
306.6	1e-07
306.8	1e-07
307	1e-07
307.2	1e-07
307.4	1e-07
307.6	1e-07
307.8	1e-07
308	1e-07
308.2	1e-07
308.4	1e-07
308.6	1e-07
308.8	1e-07
309	1e-07
309.2	1e-07
309.4	1e-07
309.6	1e-07
309.8	1e-07
310	1e-07
310.2	1e-07
310.4	1e-07
310.6	1e-07
310.8	1e-07
311	1e-07
311.2	1e-07
311.4	1e-07
311.6	1e-07
311.8	1e-07
312	1e-07
312.2	1e-07
312.4	1e-07
312.6	1e-07
312.8	1e-07
313	1e-07
313.2	1e-07
313.4	1e-07
313.6	1e-07
313.8	1e-07
314	1e-07
314.2	1e-07
314.4	1e-07
314.6	1e-07
314.8	1e-07
315	1e-07
315.2	1e-07
315.4	1e-07
315.6	1e-07
315.8	1e-07
316	1e-07
316.2	1e-07
316.4	1e-07
316.6	1e-07
316.8	1e-07
317	1e-07
317.2	1e-07
317.4	1e-07
317.6	1e-07
317.8	1e-07
318	1e-07
318.2	1e-07
318.4	1e-07
318.6	1e-07
318.8	1e-07
319	1e-07
319.2	1e-07
319.4	1e-07
319.6	1e-07
319.8	1e-07
320	1e-07
320.2	1e-07
320.4	1e-07
320.6	1e-07
320.8	1e-07
321	1e-07
321.2	1e-07
321.4	1e-07
321.6	1e-07
321.8	1e-07
322	1e-07
322.2	1e-07
322.4	1e-07
322.6	1e-07
322.8	1e-07
323	1e-07
323.2	1e-07
323.4	1e-07
323.6	1e-07
323.8	1e-07
324	1e-07
324.2	1e-07
324.4	1e-07
324.6	1e-07
324.8	1e-07
325	1e-07
325.2	1e-07
325.4	1e-07
325.6	1e-07
325.8	1e-07
326	1e-07
326.2	1e-07
326.4	1e-07
326.6	1e-07
326.8	1e-07
327	1e-07
327.2	1e-07
327.4	1e-07
327.6	1e-07
327.8	1e-07
328	1e-07
328.2	1e-07
328.4	1e-07
328.6	1e-07
328.8	1e-07
329	1e-07
329.2	1e-07
329.4	1e-07
329.6	1e-07
329.8	1e-07
330	1e-07
330.2	1e-07
330.4	1e-07
330.6	1e-07
330.8	1e-07
331	1e-07
331.2	1e-07
331.4	1e-07
331.6	1e-07
331.8	1e-07
332	1e-07
332.2	1e-07
332.4	1e-07
332.6	1e-07
332.8	1e-07
333	1e-07
333.2	1e-07
333.4	1e-07
333.6	1e-07
333.8	1e-07
334	1e-07
334.2	1e-07
334.4	1e-07
334.6	1e-07
334.8	1e-07
335	1e-07
335.2	1e-07
335.4	1e-07
335.6	1e-07
335.8	1e-07
336	1.02329211541861e-07
336.2	1.33268731297901e-07
336.4	1.74924555939873e-07
336.6	2.29923930699282e-07
336.8	2.99516249832992e-07
337	3.81484920569749e-07
337.2	4.68504914038468e-07
337.4	5.49205640708888e-07
337.6	6.12467778147615e-07
337.8	6.51557617212394e-07
338	6.64366985260522e-07
338.2	6.50229674626857e-07
338.4	6.06824241745572e-07
338.6	5.31094635980035e-07
338.8	4.26485774977043e-07
339	3.10262892950753e-07
339.2	2.06645803926436e-07
339.4	1.30025288893393e-07
339.6	1e-07
339.8	1e-07
340	1e-07
340.2	1e-07
340.4	1e-07
340.6	1e-07
340.8	1e-07
341	1e-07
341.2	1e-07
341.4	1e-07
341.6	1e-07
341.8	1e-07
342	1e-07
342.2	1e-07
342.4	1e-07
342.6	1e-07
342.8	1e-07
343	1e-07
343.2	1e-07
343.4	1e-07
343.6	1e-07
343.8	1e-07
344	1e-07
344.2	1e-07
344.4	1e-07
344.6	1e-07
344.8	1e-07
345	1e-07
345.2	1e-07
345.4	1e-07
345.6	1e-07
345.8	1e-07
346	1e-07
346.2	1e-07
346.4	1e-07
346.6	1e-07
346.8	1e-07
347	1e-07
347.2	1e-07
347.4	1e-07
347.6	1e-07
347.8	1e-07
348	1e-07
348.2	1e-07
348.4	1e-07
348.6	1e-07
348.8	1e-07
349	1e-07
349.2	1e-07
349.4	1e-07
349.6	1e-07
349.8	1e-07
350	1e-07
350.2	1e-07
350.4	1e-07
350.6	1e-07
350.8	1e-07
351	1e-07
351.2	1.2457622360073e-07
351.4	2.15068199075186e-07
351.6	3.01784311948427e-07
351.8	2.50830494079572e-07
352	1.41602084969549e-07
352.2	1e-07
352.4	1e-07
352.6	1e-07
352.8	1e-07
353	1e-07
353.2	1e-07
353.4	1e-07
353.6	1e-07
353.8	1e-07
354	1e-07
354.2	1e-07
354.4	1e-07
354.6	1e-07
354.8	1e-07
355	1e-07
355.2	1e-07
355.4	1e-07
355.6	1e-07
355.8	1e-07
356	1e-07
356.2	1e-07
356.4	1e-07
356.6	1e-07
356.8	1e-07
357	1e-07
357.2	1e-07
357.4	1e-07
357.6	1e-07
357.8	1e-07
358	1e-07
358.2	1e-07
358.4	1e-07
358.6	1e-07
358.8	1e-07
359	1e-07
359.2	1e-07
359.4	1e-07
359.6	1e-07
359.8	1e-07
360	1e-07
360.2	1e-07
360.4	1e-07
360.6	1e-07
360.8	1e-07
361	1e-07
361.2	1e-07
361.4	1e-07
361.6	1e-07
361.8	1e-07
362	1e-07
362.2	1e-07
362.4	1e-07
362.6	1e-07
362.8	1e-07
363	1e-07
363.2	1e-07
363.4	1e-07
363.6	1e-07
363.8	1e-07
364	1e-07
364.2	1e-07
364.4	1e-07
364.6	1e-07
364.8	1e-07
365	1e-07
365.2	1e-07
365.4	1e-07
365.6	1e-07
365.8	1e-07
366	1e-07
366.2	1e-07
366.4	1e-07
366.6	1e-07
366.8	1e-07
367	1e-07
367.2	1e-07
367.4	1e-07
367.6	1e-07
367.8	1e-07
368	1e-07
368.2	1e-07
368.4	1e-07
368.6	1e-07
368.8	1e-07
369	1e-07
369.2	1e-07
369.4	1e-07
369.6	1e-07
369.8	1e-07
370	1e-07
370.2	1e-07
370.4	1e-07
370.6	1e-07
370.8	1e-07
371	1e-07
371.2	1e-07
371.4	1e-07
371.6	1e-07
371.8	1e-07
372	1e-07
372.2	1e-07
372.4	1e-07
372.6	1e-07
372.8	1e-07
373	1e-07
373.2	1e-07
373.4	1e-07
373.6	1e-07
373.8	1e-07
374	1e-07
374.2	1e-07
374.4	1e-07
374.6	1e-07
374.8	1e-07
375	1e-07
375.2	1e-07
375.4	1e-07
375.6	1e-07
375.8	1e-07
376	1e-07
376.2	1e-07
376.4	1e-07
376.6	1e-07
376.8	1e-07
377	1e-07
377.2	1e-07
377.4	1e-07
377.6	1e-07
377.8	1e-07
378	1e-07
378.2	1e-07
378.4	1e-07
378.6	1e-07
378.8	1e-07
379	1e-07
379.2	1e-07
379.4	1e-07
379.6	1e-07
379.8	1e-07
380	1e-07
380.2	1e-07
380.4	1e-07
380.6	1e-07
380.8	1e-07
381	1e-07
381.2	1e-07
381.4	1e-07
381.6	1e-07
381.8	1e-07
382	1e-07
382.2	1e-07
382.4	1e-07
382.6	1e-07
382.8	1e-07
383	1e-07
383.2	1e-07
383.4	1e-07
383.6	1e-07
383.8	1e-07
384	1e-07
384.2	1e-07
384.4	1e-07
384.6	1e-07
384.8	1e-07
385	1e-07
385.2	1e-07
385.4	1e-07
385.6	1e-07
385.8	1e-07
386	1e-07
386.2	1e-07
386.4	1e-07
386.6	1e-07
386.8	1e-07
387	1e-07
387.2	1e-07
387.4	1e-07
387.6	1e-07
387.8	1e-07
388	1e-07
388.2	1e-07
388.4	1e-07
388.6	1e-07
388.8	1e-07
389	1e-07
389.2	1e-07
389.4	1e-07
389.6	1e-07
389.8	1e-07
390	1e-07
390.2	1e-07
390.4	1e-07
390.6	1e-07
390.8	1e-07
391	1e-07
391.2	1e-07
391.4	1e-07
391.6	1e-07
391.8	1e-07
392	1e-07
392.2	1e-07
392.4	1e-07
392.6	1e-07
392.8	1e-07
393	1e-07
393.2	1e-07
393.4	1e-07
393.6	1e-07
393.8	1e-07
394	1e-07
394.2	1e-07
394.4	1e-07
394.6	1e-07
394.8	1e-07
395	1e-07
395.2	1e-07
395.4	1e-07
395.6	1e-07
395.8	1e-07
396	1e-07
396.2	1e-07
396.4	1e-07
396.6	1e-07
396.8	1e-07
397	1e-07
397.2	1e-07
397.4	1e-07
397.6	1e-07
397.8	1e-07
398	1e-07
398.2	1e-07
398.4	1e-07
398.6	1e-07
398.8	1e-07
399	1e-07
399.2	1e-07
399.4	1e-07
399.6	1e-07
399.8	1e-07
400	1e-07
400.2	1e-07
400.4	1e-07
400.6	1e-07
400.8	1e-07
401	1e-07
401.2	1e-07
401.4	1e-07
401.6	1e-07
401.8	1e-07
402	1e-07
402.2	1e-07
402.4	1e-07
402.6	1e-07
402.8	1e-07
403	1e-07
403.2	1e-07
403.4	1e-07
403.6	1e-07
403.8	1e-07
404	1e-07
404.2	1e-07
404.4	1e-07
404.6	1e-07
404.8	1e-07
405	1e-07
405.2	1e-07
405.4	1e-07
405.6	1e-07
405.8	1e-07
406	1e-07
406.2	1e-07
406.4	1e-07
406.6	1e-07
406.8	1e-07
407	1e-07
407.2	1e-07
407.4	1e-07
407.6	1e-07
407.8	1e-07
408	1e-07
408.2	1e-07
408.4	1e-07
408.6	1e-07
408.8	1e-07
409	1e-07
409.2	1e-07
409.4	1e-07
409.6	1e-07
409.8	1e-07
410	1e-07
410.2	1e-07
410.4	1e-07
410.6	1e-07
410.8	1e-07
411	1e-07
411.2	1e-07
411.4	1e-07
411.6	1e-07
411.8	1e-07
412	1e-07
412.2	1e-07
412.4	1e-07
412.6	1e-07
412.8	1e-07
413	1e-07
413.2	1e-07
413.4	1e-07
413.6	1e-07
413.8	1e-07
414	1e-07
414.2	1e-07
414.4	1e-07
414.6	1e-07
414.8	1e-07
415	1e-07
415.2	1e-07
415.4	1e-07
415.6	1e-07
415.8	1e-07
416	1e-07
416.2	1e-07
416.4	1e-07
416.6	1e-07
416.8	1e-07
417	1e-07
417.2	1e-07
417.4	1e-07
417.6	1e-07
417.8	1e-07
418	1e-07
418.2	1e-07
418.4	1e-07
418.6	1e-07
418.8	1e-07
419	1e-07
419.2	1e-07
419.4	1e-07
419.6	1e-07
419.8	1e-07
420	1e-07
420.2	1e-07
420.4	1e-07
420.6	1e-07
420.8	1e-07
421	1e-07
421.2	1e-07
421.4	1e-07
421.6	1e-07
421.8	1e-07
422	1e-07
422.2	1e-07
422.4	1e-07
422.6	1e-07
422.8	1e-07
423	1e-07
423.2	1e-07
423.4	1e-07
423.6	1e-07
423.8	1e-07
424	1e-07
424.2	1e-07
424.4	1e-07
424.6	1e-07
424.8	1e-07
425	1e-07
425.2	1e-07
425.4	1e-07
425.6	1e-07
425.8	1e-07
426	1e-07
426.2	1e-07
426.4	1e-07
426.6	1e-07
426.8	1e-07
427	1e-07
427.2	1e-07
427.4	1e-07
427.6	1e-07
427.8	1e-07
428	1e-07
428.2	1e-07
428.4	1e-07
428.6	1e-07
428.8	1e-07
429	1e-07
429.2	1e-07
429.4	1e-07
429.6	1e-07
429.8	1e-07
430	1e-07
430.2	1e-07
430.4	1e-07
430.6	1e-07
430.8	1e-07
431	1e-07
431.2	1e-07
431.4	1e-07
431.6	1e-07
431.8	1e-07
432	1e-07
432.2	1e-07
432.4	1e-07
432.6	1e-07
432.8	1e-07
433	1e-07
433.2	1e-07
433.4	1e-07
433.6	1e-07
433.8	1e-07
434	1e-07
434.2	1e-07
434.4	1e-07
434.6	1e-07
434.8	1e-07
435	1e-07
435.2	1e-07
435.4	1e-07
435.6	1e-07
435.8	1e-07
436	1e-07
436.2	1e-07
436.4	1e-07
436.6	1e-07
436.8	1e-07
437	1e-07
437.2	1e-07
437.4	1e-07
437.6	1e-07
437.8	1e-07
438	1e-07
438.2	1e-07
438.4	1e-07
438.6	1e-07
438.8	1e-07
439	1e-07
439.2	1e-07
439.4	1e-07
439.6	1e-07
439.8	1e-07
440	1e-07
440.2	1e-07
440.4	1e-07
440.6	1e-07
440.8	1e-07
441	1e-07
441.2	1e-07
441.4	1.05927015678955e-07
441.6	1.23555139366866e-07
441.8	1.44429215756471e-07
442	1.69134207778008e-07
442.2	1.98347163293716e-07
442.4	2.32852280071836e-07
442.6	2.7356093373816e-07
442.8	3.21538582090423e-07
443	3.78040846372051e-07
443.2	4.4456131935929e-07
443.4	5.2289381198609e-07
443.6	6.15211958498997e-07
443.8	7.24169471736733e-07
444	8.53025004942439e-07
444.2	1.00579670362356e-06
444.4	1.18745314170663e-06
444.6	1.40414861577772e-06
444.8	1.66351411955788e-06
445	1.9750180051561e-06
445.2	2.35041389711963e-06
445.4	2.80429792101749e-06
445.6	3.35480413291968e-06
445.8	4.0244738156813e-06
446	4.84134480221276e-06
446.2	5.84032099979772e-06
446.4	7.06490121958717e-06
446.6	8.56937033222487e-06
446.8	1.04215915985761e-05
447	1.27065849265343e-05
447.2	1.5531137826554e-05
447.4	1.90297793952288e-05
447.6	2.33725593944858e-05
447.8	2.87752243693301e-05
448	3.55125846399019e-05
448.2	4.39361322593077e-05
448.4	5.44973285604032e-05
448.6	6.77785659676748e-05
448.8	8.45344359994316e-05
449	0.000105746955506072
449.2	0.000132699803734037
449.4	0.000167078586523567
449.6	0.000211106942743879
449.8	0.00026773231251177
450	0.000340880953148572
450.2	0.00043581026426861
450.4	0.000559598955903355
450.6	0.000721832443823421
450.8	0.000935568661530568
451	0.00121870868830356
451.2	0.00159595590133161
451.4	0.00210163708986199
451.6	0.00278379501649909
451.8	0.00371016913910231
452	0.00497699731868653
452.2	0.00672205051629892
452.4	0.00914403176376684
452.6	0.0125315547482078
452.8	0.0173064061541344
453	0.0240877246078737
453.2	0.0337856331657664
453.4	0.0477330456686675
453.6	0.0678579377460733
453.8	0.09687337045889
454	0.138394917065112
454.2	0.196752477912569
454.4	0.276056127853684
454.6	0.378024537737684
454.8	0.498814153453452
455	0.627025581742134
455.2	0.746294290325129
455.4	0.842508848432469
455.6	0.909932368161519
455.8	0.951294946725246
456	0.97358417516363
456.2	0.983989451131339
456.4	0.987973875875176
456.6	0.989008323884311
456.8	0.989001081865427
457	0.988837056858182
457.2	0.988813484140541
457.4	0.988938942144611
457.6	0.989118983206316
457.8	0.989259170261704
458	0.98931106445977
458.2	0.989280859788852
458.4	0.989216090613408
458.6	0.989182535601537
458.8	0.989240384144041
459	0.989425719346374
459.2	0.989740548834158
459.4	0.990152197399955
459.6	0.990600984480576
459.8	0.991013766483459
460	0.99132012420935
460.2	0.991467741016325
460.4	0.991433865212778
460.6	0.991230615602792
460.8	0.990903253338357
461	0.990521942417751
461.2	0.99016877004789
461.4	0.989922608291499
461.6	0.989844644235368
461.8	0.989967125719618
462	0.990287199597357
462.2	0.9907668235239
462.4	0.991338749818512
462.6	0.991917616201278
462.8	0.992414339458788
463	0.9927514026237
463.2	0.992876387036059
463.4	0.992771329357042
463.6	0.992456196310789
463.8	0.991985849874859
464	0.991441087475668
464.2	0.990915407764238
464.4	0.990499843714841
464.6	0.990268417821572
464.8	0.990266540115561
465	0.990504089853534
465.2	0.990954142509503
465.4	0.991557453078051
465.6	0.992232020999743
465.8	0.992886196494235
466	0.993433254847995
466.2	0.993805057861252
466.4	0.993962495904335
466.6	0.993900921149455
466.8	0.993649675644041
467	0.993265898784483
467.2	0.992823839766688
467.4	0.992401667000823
467.6	0.99206811670959
467.8	0.991871231492238
468	0.991830984082767
468.2	0.991936884140885
468.4	0.992150850105323
468.6	0.992414799157525
468.8	0.992661655312948
469	0.992827895473119
469.2	0.99286544918222
469.4	0.992750828916472
469.6	0.992489828192291
469.8	0.992116926069578
470	0.991689522656514
470.2	0.991278090844204
470.4	0.990954049762512
470.6	0.990777475587562
470.8	0.9907867925339
471	0.990992152497081
471.2	0.991373575899453
471.4	0.991884158723739
471.6	0.992457839244188
471.8	0.993020460949504
472	0.993502270802402
472.2	0.993849669287432
472.4	0.994034082688686
472.6	0.994056299964381
472.8	0.99394544493236
473	0.993752777913712
473.2	0.993541510484292
473.4	0.993374555279629
473.6	0.993302478211985
473.8	0.993353836886974
474	0.993529631154062
474.2	0.993802864505494
474.4	0.994123336670139
474.6	0.994426875802135
474.8	0.994647400590088
475	0.99472961503678
475.2	0.994639919446108
475.4	0.994373372345189
475.6	0.993955277943011
475.8	0.993436998655129
476	0.992886779909264
476.2	0.992377376937851
476.4	0.991972887390591
476.6	0.991717314749657
476.8	0.991627036150906
477	0.991688607033932
477.2	0.991862351534076
477.4	0.992091108362359
477.6	0.992312486204192
477.8	0.992472209888784
478	0.992535793481042
478.2	0.992495998506674
478.4	0.992374348493651
478.6	0.992216235937395
478.8	0.992080583839966
479	0.992026266730801
479.2	0.992098258609486
479.4	0.992316595997186
479.6	0.992670713743179
479.8	0.993120636246621
480	0.993605067913412
480.2	0.994054865509384
480.4	0.994408988754109
480.6	0.994629139980204
480.8	0.994709334613833
481	0.994677604584621
481.2	0.994588883661355
481.4	0.994510397431708
481.6	0.994502967048154
481.8	0.994602965956709
482	0.994809877119739
482.2	0.995083378224537
482.4	0.995351754189906
482.6	0.995530525573522
482.8	0.995547066259092
483	0.995364498093407
483.2	0.994997266862957
483.4	0.994512241824095
483.6	0.994012946545891
483.8	0.99360971674876
484	0.993383644738186
484.2	0.993355504601
484.4	0.993471261233875
484.6	0.993612584818108
484.8	0.993633913135963
485	0.993417897533322
485.2	0.992931132890656
485.4	0.99225634449629
485.6	0.991580329177535
485.8	0.991130583483271
486	0.991074854048429
486.2	0.991419903707817
486.4	0.991960489250259
486.6	0.992327590074859
486.8	0.992154938715545
487	0.99131830954468
487.2	0.990120379931519
487.4	0.989249697195859
487.6	0.989401694489565
487.8	0.990646499720539
488	0.991958746842027
488.2	0.991695085069663
488.4	0.989666796613729
488.6	0.989422834364694
488.8	0.993456505842537
489	0.970125198479949
489.2	0.789620070073069
489.4	0.425240881315004
489.6	0.164461889511909
489.8	0.0592654903326249
490	0.0223944679146222
490.2	0.00907583940830702
490.4	0.00392916827950085
490.6	0.00180151784107511
490.8	0.000867729212329662
491	0.000436140834340057
491.2	0.000227520051834413
491.4	0.000122650488341874
491.6	6.8081982658359e-05
491.8	3.88003146358582e-05
492	2.26472421186701e-05
492.2	1.35105967046195e-05
492.4	8.22330830032771e-06
492.6	5.09884012104767e-06
492.8	3.21644180632366e-06
493	2.06185345543008e-06
493.2	1.3417626252447e-06
493.4	8.85600007319167e-07
493.6	5.92371815993951e-07
493.8	4.01266834113042e-07
494	2.7508875835816e-07
494.2	1.90747522266054e-07
494.4	1.33709112996574e-07
494.6	1e-07
494.8	1e-07
495	1e-07
495.2	1e-07
495.4	1e-07
495.6	1e-07
495.8	1e-07
496	1e-07
496.2	1e-07
496.4	1e-07
496.6	1e-07
496.8	1e-07
497	1e-07
497.2	1e-07
497.4	1e-07
497.6	1e-07
497.8	1e-07
498	1e-07
498.2	1e-07
498.4	1e-07
498.6	1e-07
498.8	1e-07
499	1e-07
499.2	1e-07
499.4	1e-07
499.6	1e-07
499.8	1e-07
500	1e-07
500.2	1e-07
500.4	1e-07
500.6	1e-07
500.8	1e-07
501	1e-07
501.2	1e-07
501.4	1e-07
501.6	1e-07
501.8	1e-07
502	1e-07
502.2	1e-07
502.4	1e-07
502.6	1e-07
502.8	1e-07
503	1e-07
503.2	1e-07
503.4	1e-07
503.6	1e-07
503.8	1e-07
504	1e-07
504.2	1e-07
504.4	1e-07
504.6	1e-07
504.8	1e-07
505	1e-07
505.2	1e-07
505.4	1e-07
505.6	1e-07
505.8	1e-07
506	1e-07
506.2	1e-07
506.4	1e-07
506.6	1e-07
506.8	1e-07
507	1e-07
507.2	1e-07
507.4	1e-07
507.6	1e-07
507.8	1e-07
508	1e-07
508.2	1e-07
508.4	1e-07
508.6	1e-07
508.8	1e-07
509	1e-07
509.2	1e-07
509.4	1e-07
509.6	1e-07
509.8	1e-07
510	1e-07
510.2	1e-07
510.4	1e-07
510.6	1e-07
510.8	1e-07
511	1e-07
511.2	1e-07
511.4	1e-07
511.6	1e-07
511.8	1e-07
512	1e-07
512.2	1e-07
512.4	1e-07
512.6	1e-07
512.8	1e-07
513	1e-07
513.2	1e-07
513.4	1e-07
513.6	1e-07
513.8	1e-07
514	1e-07
514.2	1e-07
514.4	1e-07
514.6	1e-07
514.8	1e-07
515	1e-07
515.2	1e-07
515.4	1e-07
515.6	1e-07
515.8	1e-07
516	1e-07
516.2	1e-07
516.4	1e-07
516.6	1e-07
516.8	1e-07
517	1e-07
517.2	1e-07
517.4	1e-07
517.6	1e-07
517.8	1e-07
518	1e-07
518.2	1e-07
518.4	1e-07
518.6	1e-07
518.8	1e-07
519	1e-07
519.2	1e-07
519.4	1e-07
519.6	1e-07
519.8	1e-07
520	1e-07
520.2	1e-07
520.4	1e-07
520.6	1e-07
520.8	1e-07
521	1e-07
521.2	1e-07
521.4	1e-07
521.6	1e-07
521.8	1e-07
522	1e-07
522.2	1e-07
522.4	1e-07
522.6	1e-07
522.8	1e-07
523	1e-07
523.2	1e-07
523.4	1e-07
523.6	1e-07
523.8	1e-07
524	1e-07
524.2	1e-07
524.4	1e-07
524.6	1e-07
524.8	1e-07
525	1e-07
525.2	1e-07
525.4	1e-07
525.6	1e-07
525.8	1e-07
526	1e-07
526.2	1e-07
526.4	1e-07
526.6	1e-07
526.8	1e-07
527	1e-07
527.2	1e-07
527.4	1e-07
527.6	1e-07
527.8	1e-07
528	1e-07
528.2	1e-07
528.4	1e-07
528.6	1e-07
528.8	1e-07
529	1e-07
529.2	1e-07
529.4	1e-07
529.6	1e-07
529.8	1e-07
530	1e-07
530.2	1e-07
530.4	1e-07
530.6	1e-07
530.8	1e-07
531	1e-07
531.2	1e-07
531.4	1e-07
531.6	1e-07
531.8	1e-07
532	1e-07
532.2	1e-07
532.4	1e-07
532.6	1e-07
532.8	1e-07
533	1e-07
533.2	1e-07
533.4	1e-07
533.6	1e-07
533.8	1e-07
534	1e-07
534.2	1e-07
534.4	1e-07
534.6	1e-07
534.8	1e-07
535	1e-07
535.2	1e-07
535.4	1e-07
535.6	1e-07
535.8	1e-07
536	1e-07
536.2	1e-07
536.4	1e-07
536.6	1e-07
536.8	1e-07
537	1e-07
537.2	1e-07
537.4	1e-07
537.6	1e-07
537.8	1e-07
538	1e-07
538.2	1e-07
538.4	1e-07
538.6	1e-07
538.8	1e-07
539	1e-07
539.2	1e-07
539.4	1e-07
539.6	1e-07
539.8	1e-07
540	1e-07
540.2	1e-07
540.4	1e-07
540.6	1e-07
540.8	1e-07
541	1e-07
541.2	1e-07
541.4	1e-07
541.6	1e-07
541.8	1e-07
542	1e-07
542.2	1e-07
542.4	1e-07
542.6	1e-07
542.8	1e-07
543	1e-07
543.2	1e-07
543.4	1e-07
543.6	1e-07
543.8	1e-07
544	1e-07
544.2	1e-07
544.4	1e-07
544.6	1e-07
544.8	1e-07
545	1e-07
545.2	1e-07
545.4	1e-07
545.6	1e-07
545.8	1e-07
546	1e-07
546.2	1e-07
546.4	1e-07
546.6	1e-07
546.8	1e-07
547	1e-07
547.2	1e-07
547.4	1e-07
547.6	1e-07
547.8	1e-07
548	1e-07
548.2	1e-07
548.4	1e-07
548.6	1e-07
548.8	1e-07
549	1e-07
549.2	1e-07
549.4	1e-07
549.6	1e-07
549.8	1e-07
550	1e-07
550.2	1e-07
550.4	1e-07
550.6	1e-07
550.8	1e-07
551	1e-07
551.2	1e-07
551.4	1e-07
551.6	1e-07
551.8	1e-07
552	1e-07
552.2	1e-07
552.4	1e-07
552.6	1e-07
552.8	1e-07
553	1e-07
553.2	1e-07
553.4	1e-07
553.6	1e-07
553.8	1e-07
554	1e-07
554.2	1e-07
554.4	1e-07
554.6	1e-07
554.8	1e-07
555	1e-07
555.2	1e-07
555.4	1e-07
555.6	1e-07
555.8	1e-07
556	1e-07
556.2	1e-07
556.4	1e-07
556.6	1e-07
556.8	1e-07
557	1e-07
557.2	1e-07
557.4	1e-07
557.6	1e-07
557.8	1e-07
558	1e-07
558.2	1e-07
558.4	1e-07
558.6	1e-07
558.8	1e-07
559	1e-07
559.2	1e-07
559.4	1e-07
559.6	1e-07
559.8	1e-07
560	1e-07
560.2	1e-07
560.4	1e-07
560.6	1e-07
560.8	1e-07
561	1e-07
561.2	1e-07
561.4	1e-07
561.6	1e-07
561.8	1e-07
562	1e-07
562.2	1e-07
562.4	1e-07
562.6	1e-07
562.8	1e-07
563	1e-07
563.2	1e-07
563.4	1e-07
563.6	1e-07
563.8	1e-07
564	1e-07
564.2	1e-07
564.4	1e-07
564.6	1e-07
564.8	1e-07
565	1e-07
565.2	1e-07
565.4	1e-07
565.6	1e-07
565.8	1e-07
566	1e-07
566.2	1e-07
566.4	1e-07
566.6	1e-07
566.8	1e-07
567	1e-07
567.2	1e-07
567.4	1e-07
567.6	1e-07
567.8	1e-07
568	1e-07
568.2	1e-07
568.4	1e-07
568.6	1e-07
568.8	1e-07
569	1e-07
569.2	1e-07
569.4	1e-07
569.6	1e-07
569.8	1e-07
570	1e-07
570.2	1e-07
570.4	1e-07
570.6	1e-07
570.8	1e-07
571	1e-07
571.2	1e-07
571.4	1e-07
571.6	1e-07
571.8	1e-07
572	1e-07
572.2	1e-07
572.4	1e-07
572.6	1e-07
572.8	1e-07
573	1e-07
573.2	1e-07
573.4	1e-07
573.6	1e-07
573.8	1e-07
574	1e-07
574.2	1e-07
574.4	1e-07
574.6	1e-07
574.8	1e-07
575	1e-07
575.2	1e-07
575.4	1e-07
575.6	1e-07
575.8	1e-07
576	1e-07
576.2	1e-07
576.4	1e-07
576.6	1e-07
576.8	1e-07
577	1e-07
577.2	1e-07
577.4	1e-07
577.6	1e-07
577.8	1e-07
578	1e-07
578.2	1e-07
578.4	1e-07
578.6	1e-07
578.8	1e-07
579	1e-07
579.2	1e-07
579.4	1e-07
579.6	1e-07
579.8	1e-07
580	1e-07
580.2	1e-07
580.4	1e-07
580.6	1e-07
580.8	1e-07
581	1e-07
581.2	1e-07
581.4	1e-07
581.6	1e-07
581.8	1e-07
582	1e-07
582.2	1e-07
582.4	1e-07
582.6	1e-07
582.8	1e-07
583	1e-07
583.2	1e-07
583.4	1e-07
583.6	1e-07
583.8	1e-07
584	1e-07
584.2	1e-07
584.4	1e-07
584.6	1e-07
584.8	1e-07
585	1e-07
585.2	1e-07
585.4	1e-07
585.6	1e-07
585.8	1e-07
586	1e-07
586.2	1e-07
586.4	1e-07
586.6	1e-07
586.8	1e-07
587	1e-07
587.2	1e-07
587.4	1e-07
587.6	1e-07
587.8	1e-07
588	1e-07
588.2	1e-07
588.4	1e-07
588.6	1e-07
588.8	1e-07
589	1e-07
589.2	1e-07
589.4	1e-07
589.6	1e-07
589.8	1e-07
590	1e-07
590.2	1e-07
590.4	1e-07
590.6	1e-07
590.8	1e-07
591	1e-07
591.2	1e-07
591.4	1e-07
591.6	1e-07
591.8	1e-07
592	1e-07
592.2	1e-07
592.4	1e-07
592.6	1e-07
592.8	1e-07
593	1e-07
593.2	1e-07
593.4	1e-07
593.6	1e-07
593.8	1e-07
594	1e-07
594.2	1e-07
594.4	1e-07
594.6	1e-07
594.8	1e-07
595	1e-07
595.2	1e-07
595.4	1e-07
595.6	1e-07
595.8	1e-07
596	1e-07
596.2	1e-07
596.4	1e-07
596.6	1e-07
596.8	1e-07
597	1e-07
597.2	1e-07
597.4	1e-07
597.6	1e-07
597.8	1e-07
598	1e-07
598.2	1e-07
598.4	1e-07
598.6	1e-07
598.8	1e-07
599	1e-07
599.2	1e-07
599.4	1e-07
599.6	1e-07
599.8	1e-07
600	1e-07
600.2	1e-07
600.4	1e-07
600.6	1e-07
600.8	1e-07
601	1e-07
601.2	1e-07
601.4	1e-07
601.6	1e-07
601.8	1e-07
602	1e-07
602.2	1e-07
602.4	1e-07
602.6	1e-07
602.8	1e-07
603	1e-07
603.2	1e-07
603.4	1e-07
603.6	1e-07
603.8	1e-07
604	1e-07
604.2	1e-07
604.4	1e-07
604.6	1e-07
604.8	1e-07
605	1e-07
605.2	1e-07
605.4	1e-07
605.6	1e-07
605.8	1e-07
606	1e-07
606.2	1e-07
606.4	1e-07
606.6	1e-07
606.8	1e-07
607	1e-07
607.2	1e-07
607.4	1e-07
607.6	1e-07
607.8	1e-07
608	1e-07
608.2	1e-07
608.4	1e-07
608.6	1e-07
608.8	1e-07
609	1e-07
609.2	1e-07
609.4	1e-07
609.6	1e-07
609.8	1e-07
610	1e-07
610.2	1e-07
610.4	1e-07
610.6	1e-07
610.8	1e-07
611	1e-07
611.2	1e-07
611.4	1e-07
611.6	1e-07
611.8	1e-07
612	1e-07
612.2	1e-07
612.4	1e-07
612.6	1e-07
612.8	1e-07
613	1e-07
613.2	1e-07
613.4	1e-07
613.6	1e-07
613.8	1e-07
614	1e-07
614.2	1e-07
614.4	1e-07
614.6	1e-07
614.8	1e-07
615	1e-07
615.2	1e-07
615.4	1e-07
615.6	1e-07
615.8	1e-07
616	1e-07
616.2	1e-07
616.4	1e-07
616.6	1e-07
616.8	1e-07
617	1e-07
617.2	1e-07
617.4	1e-07
617.6	1e-07
617.8	1e-07
618	1e-07
618.2	1e-07
618.4	1e-07
618.6	1e-07
618.8	1e-07
619	1e-07
619.2	1e-07
619.4	1e-07
619.6	1e-07
619.8	1e-07
620	1e-07
620.2	1e-07
620.4	1e-07
620.6	1e-07
620.8	1e-07
621	1e-07
621.2	1e-07
621.4	1e-07
621.6	1e-07
621.8	1e-07
622	1e-07
622.2	1e-07
622.4	1e-07
622.6	1e-07
622.8	1e-07
623	1e-07
623.2	1e-07
623.4	1e-07
623.6	1e-07
623.8	1e-07
624	1e-07
624.2	1e-07
624.4	1e-07
624.6	1e-07
624.8	1e-07
625	1e-07
625.2	1e-07
625.4	1e-07
625.6	1e-07
625.8	1e-07
626	1e-07
626.2	1e-07
626.4	1e-07
626.6	1e-07
626.8	1e-07
627	1e-07
627.2	1e-07
627.4	1e-07
627.6	1e-07
627.8	1e-07
628	1e-07
628.2	1e-07
628.4	1e-07
628.6	1e-07
628.8	1e-07
629	1e-07
629.2	1e-07
629.4	1e-07
629.6	1e-07
629.8	1e-07
630	1e-07
630.2	1e-07
630.4	1e-07
630.6	1e-07
630.8	1e-07
631	1e-07
631.2	1e-07
631.4	1e-07
631.6	1e-07
631.8	1e-07
632	1e-07
632.2	1e-07
632.4	1e-07
632.6	1e-07
632.8	1e-07
633	1e-07
633.2	1e-07
633.4	1e-07
633.6	1e-07
633.8	1e-07
634	1e-07
634.2	1e-07
634.4	1e-07
634.6	1e-07
634.8	1e-07
635	1e-07
635.2	1e-07
635.4	1e-07
635.6	1e-07
635.8	1e-07
636	1e-07
636.2	1e-07
636.4	1e-07
636.6	1e-07
636.8	1e-07
637	1e-07
637.2	1e-07
637.4	1e-07
637.6	1e-07
637.8	1e-07
638	1e-07
638.2	1e-07
638.4	2.98923793480409e-07
638.6	2.74450208767162e-06
638.8	1.99525025018218e-07
639	1e-07
639.2	1e-07
639.4	1e-07
639.6	1e-07
639.8	1e-07
640	1e-07
640.2	1e-07
640.4	1e-07
640.6	1e-07
640.8	1e-07
641	1e-07
641.2	1e-07
641.4	1e-07
641.6	1e-07
641.8	1e-07
642	1e-07
642.2	1e-07
642.4	1e-07
642.6	1e-07
642.8	1e-07
643	1e-07
643.2	1e-07
643.4	1e-07
643.6	1e-07
643.8	1e-07
644	1e-07
644.2	1e-07
644.4	1e-07
644.6	1e-07
644.8	1e-07
645	1e-07
645.2	1e-07
645.4	1.33741987903391e-07
645.6	3.32186875717471e-07
645.8	6.86518626435485e-07
646	3.57189876737305e-07
646.2	1.43629615715984e-07
646.4	1e-07
646.6	1e-07
646.8	1e-07
647	1e-07
647.2	1e-07
647.4	1e-07
647.6	1e-07
647.8	1e-07
648	1e-07
648.2	1e-07
648.4	1e-07
648.6	1e-07
648.8	1e-07
649	1e-07
649.2	1e-07
649.4	1e-07
649.6	1e-07
649.8	1e-07
650	1e-07
650.2	1e-07
650.4	1e-07
650.6	1e-07
650.8	1e-07
651	1e-07
651.2	1e-07
651.4	1e-07
651.6	1e-07
651.8	1e-07
652	1e-07
652.2	1e-07
652.4	1e-07
652.6	1e-07
652.8	1e-07
653	1e-07
653.2	1e-07
653.4	1e-07
653.6	1e-07
653.8	1e-07
654	1e-07
654.2	1e-07
654.4	1e-07
654.6	1e-07
654.8	1e-07
655	1e-07
655.2	1e-07
655.4	1e-07
655.6	1e-07
655.8	1.39471833444073e-07
656	2.15775864455022e-07
656.2	3.34933563738357e-07
656.4	4.66474065713896e-07
656.6	4.94655247668991e-07
656.8	3.95694465118371e-07
657	2.80459969807717e-07
657.2	1.98375819322399e-07
657.4	1.45802086747295e-07
657.6	1.12022568012168e-07
657.8	1e-07
658	1e-07
658.2	1e-07
658.4	1e-07
658.6	1e-07
658.8	1e-07
659	1e-07
659.2	1e-07
659.4	1e-07
659.6	1e-07
659.8	1e-07
660	1e-07
660.2	1e-07
660.4	1e-07
660.6	1e-07
660.8	1e-07
661	1e-07
661.2	1e-07
661.4	1e-07
661.6	1e-07
661.8	1e-07
662	1e-07
662.2	1e-07
662.4	1e-07
662.6	1e-07
662.8	1e-07
663	1e-07
663.2	1e-07
663.4	1e-07
663.6	1e-07
663.8	1e-07
664	1e-07
664.2	1e-07
664.4	1e-07
664.6	1e-07
664.8	1e-07
665	1e-07
665.2	1e-07
665.4	1e-07
665.6	1e-07
665.8	1e-07
666	1e-07
666.2	1e-07
666.4	1e-07
666.6	1e-07
666.8	1e-07
667	1e-07
667.2	1e-07
667.4	1e-07
667.6	1e-07
667.8	1e-07
668	1e-07
668.2	1e-07
668.4	1e-07
668.6	1.12187130833871e-07
668.8	1.29641744968826e-07
669	1.52371329584394e-07
669.2	1.82141532028685e-07
669.4	2.21030521651548e-07
669.6	2.70752845980135e-07
669.8	3.30554511662518e-07
670	3.92792254669958e-07
670.2	4.38662491830109e-07
670.4	4.44741026542888e-07
670.6	4.04602321830959e-07
670.8	3.37284631304074e-07
671	2.67314584259992e-07
671.2	2.07963887835491e-07
671.4	1.62007236917614e-07
671.6	1.27651822759195e-07
671.8	1.02156380138685e-07
672	1e-07
672.2	1e-07
672.4	1e-07
672.6	1e-07
672.8	1e-07
673	1e-07
673.2	1e-07
673.4	1e-07
673.6	1e-07
673.8	1e-07
674	1e-07
674.2	1e-07
674.4	1e-07
674.6	1e-07
674.8	1e-07
675	1e-07
675.2	1e-07
675.4	1e-07
675.6	1e-07
675.8	1e-07
676	1e-07
676.2	1e-07
676.4	1e-07
676.6	1e-07
676.8	1e-07
677	1e-07
677.2	1e-07
677.4	1e-07
677.6	1e-07
677.8	1e-07
678	1e-07
678.2	1e-07
678.4	1e-07
678.6	1e-07
678.8	1e-07
679	1e-07
679.2	1e-07
679.4	1e-07
679.6	1e-07
679.8	1e-07
680	1e-07
680.2	1e-07
680.4	1e-07
680.6	1e-07
680.8	1e-07
681	1e-07
681.2	1e-07
681.4	1e-07
681.6	1e-07
681.8	1e-07
682	1e-07
682.2	1e-07
682.4	1e-07
682.6	1e-07
682.8	1e-07
683	1e-07
683.2	1e-07
683.4	1e-07
683.6	1e-07
683.8	1.06395699682069e-07
684	1.24125315603482e-07
684.2	1.45869552929408e-07
684.4	1.72715716438e-07
684.6	2.06074747312043e-07
684.8	2.47770112219154e-07
685	3.00132614352688e-07
685.2	3.6607467233995e-07
685.4	4.49080099709837e-07
685.6	5.52975533532284e-07
685.8	6.81241555137535e-07
686	8.35516370202085e-07
686.2	1.01302422210772e-06
686.4	1.20333121266522e-06
686.6	1.38641819881921e-06
686.8	1.53554998133382e-06
687	1.62656417639472e-06
687.2	1.6487608283119e-06
687.4	1.60873040306928e-06
687.6	1.52453914156896e-06
687.8	1.4163877419544e-06
688	1.30034901082623e-06
688.2	1.18664171998439e-06
688.4	1.08057492099193e-06
688.6	9.84203784459766e-07
688.8	8.97741101858256e-07
689	8.20502787062183e-07
689.2	7.51461943396696e-07
689.4	6.89542350739745e-07
689.6	6.33757163117428e-07
689.8	5.83261907632224e-07
690	5.37362720577589e-07
690.2	4.95502897637306e-07
690.4	4.57240479883852e-07
690.6	4.22223905938171e-07
690.8	3.9016926419668e-07
691	3.60840977701643e-07
691.2	3.34036596973101e-07
691.4	3.09575651134303e-07
691.6	2.87292087662066e-07
691.8	2.67029620848413e-07
692	2.48639253590564e-07
692.2	2.31978288109327e-07
692.4	2.16910251072885e-07
692.6	2.03305286392329e-07
692.8	1.91040716856876e-07
693	1.80001577371231e-07
693.2	1.70081012133702e-07
693.4	1.61180492210162e-07
693.6	1.5320985081778e-07
693.8	1.4608715721251e-07
694	1.39738461270177e-07
694.2	1.34097445554475e-07
694.4	1.2910501615837e-07
694.6	1.24708849992532e-07
694.8	1.20862943700114e-07
695	1.17527175407127e-07
695.2	1.14666891671856e-07
695.4	1.12252530707861e-07
695.6	1.10259281544858e-07
695.8	1.08666792070337e-07
696	1.07458928169802e-07
696.2	1.06623589538974e-07
696.4	1.06152593529755e-07
696.6	1.06041595973985e-07
696.8	1.0629007279474e-07
697	1.06901368385727e-07
697.2	1.07882812283901e-07
697.4	1.09245910588146e-07
697.6	1.11006620147328e-07
697.8	1.13185715806314e-07
698	1.15809263925512e-07
698.2	1.18909206994005e-07
698.4	1.22524059149929e-07
698.6	1.26699833036702e-07
698.8	1.31491154869391e-07
699	1.36962610546501e-07
699.2	1.43190382488025e-07
699.4	1.50264239006439e-07
699.6	1.58289952823124e-07
699.8	1.67392243577e-07
700	1.77718361507936e-07
700.2	1.89442468862741e-07
700.4	2.02771020148554e-07
700.6	2.17949261390151e-07
700.8	2.35269180479339e-07
701	2.55079212186626e-07
701.2	2.77796037001176e-07
701.4	3.03918852796187e-07
701.6	3.34046493534176e-07
701.8	3.68897690819837e-07
702	4.0933455358653e-07
702.2	4.56388900932872e-07
702.4	5.11290199613287e-07
702.6	5.75491768210647e-07
702.8	6.50689491989936e-07
703	7.3882225194035e-07
703.2	8.42035764927311e-07
703.4	9.62580913062363e-07
703.6	1.10260448387012e-06
703.8	1.26377850079614e-06
704	1.44671470409425e-06
704.2	1.6501442303205e-06
704.4	1.86994020558917e-06
704.6	2.09824672144302e-06
704.8	2.32319713889151e-06
705	2.52980954407411e-06
705.2	2.70237142069712e-06
705.4	2.82787051843098e-06
705.6	2.89918472758773e-06
705.8	2.91657239819083e-06
706	2.88685283070454e-06
706.2	2.82091209687564e-06
706.4	2.73082723435417e-06
706.6	2.6276608262145e-06
706.8	2.52030284941048e-06
707	2.41520044048821e-06
707.2	2.31661783182715e-06
707.4	2.22710823022149e-06
707.6	2.14799980156192e-06
707.8	2.07980512347061e-06
708	2.02253024284066e-06
708.2	1.97589158760834e-06
708.4	1.93945980199212e-06
708.6	1.91274988825375e-06
708.8	1.89527406241825e-06
709	1.88656918688167e-06
709.2	1.88620700061211e-06
709.4	1.89379255897326e-06
709.6	1.90895425741385e-06
709.8	1.93132743699305e-06
710	1.96053271422943e-06
710.2	1.99614972015604e-06
710.4	2.03768684420628e-06
710.6	2.08454810486689e-06
710.8	2.13599857880064e-06
711	2.19113092241791e-06
711.2	2.24883679529635e-06
711.4	2.3077883283577e-06
711.6	2.36643590567375e-06
711.8	2.42302893609578e-06
712	2.47566537508721e-06
712.2	2.52237303290211e-06
712.4	2.56122082570078e-06
712.6	2.59045120317689e-06
712.8	2.60861940183489e-06
713	2.61471974073149e-06
713.2	2.60827822771523e-06
713.4	2.58939490472535e-06
713.6	2.55872799900602e-06
713.8	2.51742287185397e-06
714	2.46699877665517e-06
714.2	2.40921275534493e-06
714.4	2.34592130089863e-06
714.6	2.2789569833584e-06
714.8	2.21003135968675e-06
715	2.14066886315795e-06
715.2	2.07217073274313e-06
715.4	2.00560434094534e-06
715.6	1.94181131985502e-06
715.8	1.8814282467075e-06
716	1.82491420507277e-06
716.2	1.77258083853064e-06
716.4	1.72462190147667e-06
716.6	1.68114045296288e-06
716.8	1.64217272767694e-06
717	1.60770839995949e-06
717.2	1.57770734925248e-06
717.4	1.55211326214354e-06
717.6	1.53086452209252e-06
717.8	1.51390285966273e-06
718	1.5011802186487e-06
718.2	1.49266424684806e-06
718.4	1.48834276469004e-06
718.6	1.48822755431858e-06
718.8	1.49235770443826e-06
719	1.50080273152972e-06
719.2	1.51366566853022e-06
719.4	1.53108628344282e-06
719.6	1.55324457181863e-06
719.8	1.58036465430928e-06
720	1.6127192023702e-06
720.2	1.65063446803739e-06
720.4	1.69449597880985e-06
720.6	1.7447553465907e-06
720.8	1.80193798317553e-06
721	1.86665184788432e-06
721.2	1.93959733753746e-06
721.4	2.02157834685696e-06
721.6	2.11351445565006e-06
721.8	2.21645408242357e-06
722	2.33158826012555e-06
722.2	2.46026453005515e-06
722.4	2.60400012054178e-06
722.6	2.76449176059974e-06
722.8	2.94362032591868e-06
723	3.14344641917391e-06
723.2	3.36619115209588e-06
723.4	3.61419415180305e-06
723.6	3.88983784189673e-06
723.8	4.19542356306083e-06
724	4.53298153348181e-06
724.2	4.90399337184475e-06
724.4	5.3090058238076e-06
724.6	5.74712770122338e-06
724.8	6.21541041092766e-06
725	6.70815191123974e-06
725.2	7.21622014038865e-06
725.4	7.72656401893769e-06
725.6	8.22214906801938e-06
725.8	8.68258403996434e-06
726	9.08563333802444e-06
726.2	9.40960168214395e-06
726.4	9.63625323401121e-06
726.6	9.75360813645402e-06
726.8	9.75785374010563e-06
727	9.65379577362233e-06
727.2	9.4537414125037e-06
727.4	9.17521484087907e-06
727.6	8.83820558910768e-06
727.8	8.46263756149067e-06
728	8.06650292851437e-06
728.2	7.66479914244674e-06
728.4	7.26917413139636e-06
728.6	6.88807029903659e-06
728.8	6.52715243930031e-06
729	6.18984661393946e-06
729.2	5.87787668200496e-06
729.4	5.59173797350837e-06
729.6	5.33108474731036e-06
729.8	5.0950303277876e-06
730	4.88236993163192e-06
730.2	4.69174014740524e-06
730.4	4.52172916238513e-06
730.6	4.37095079441466e-06
730.8	4.23809179648942e-06
731	4.1219404128767e-06
731.2	4.02140216829061e-06
731.4	3.93550720181359e-06
731.6	3.86341223725197e-06
731.8	3.80439937251686e-06
732	3.75787320972756e-06
732.2	3.72335737669804e-06
732.4	3.70049117635117e-06
732.6	3.68902686284029e-06
732.8	3.68882786057658e-06
733	3.69986820419313e-06
733.2	3.72223340885307e-06
733.4	3.75612295259989e-06
733.6	3.80185455124818e-06
733.8	3.85987042278841e-06
734	3.93074576970028e-06
734.2	4.01519979961175e-06
734.4	4.11410971125375e-06
734.6	4.22852767457642e-06
734.8	4.35970157224429e-06
735	4.50910010770578e-06
735.2	4.67844306869657e-06
735.4	4.86973775260708e-06
735.6	5.08532184076037e-06
735.8	5.32791469827971e-06
736	5.60067853719294e-06
736.2	5.90729085333232e-06
736.4	6.2520296892184e-06
736.6	6.63987635572963e-06
736.8	7.07663663258942e-06
737	7.56908353296838e-06
737.2	8.12512510258864e-06
737.4	8.7540004937889e-06
737.6	9.46650717244033e-06
737.8	1.02752610707672e-05
738	1.11949893548605e-05
738.2	1.22428526222025e-05
738.4	1.34387878190719e-05
738.6	1.48058421261825e-05
738.8	1.63704654896984e-05
739	1.81626980436557e-05
739.2	2.02161517220233e-05
739.4	2.25676367671977e-05
739.6	2.52562215856324e-05
739.8	2.83214454134296e-05
740	3.18003453697942e-05
740.2	3.57229451664146e-05
740.4	4.01059519318868e-05
740.6	4.49447672015676e-05
740.8	5.02044491430319e-05
741	5.58112001565569e-05
741.2	6.16469900846093e-05
741.4	6.75505905909304e-05
741.6	7.3327865536263e-05
741.8	7.87720415739733e-05
742	8.36911064141932e-05
742.2	8.79359332882522e-05
742.4	9.14213252699884e-05
742.6	9.41341006561672e-05
742.8	9.61271124971463e-05
743	9.75026650153471e-05
743.2	9.83912511181459e-05
743.4	9.89312031918048e-05
743.6	9.92527198798364e-05
743.8	9.94673093023538e-05
744	9.96619652707906e-05
744.2	9.98966039085059e-05
744.4	0.000100203243760125
744.6	0.000100585901135504
744.8	0.000101020475131973
745	0.000101454564706787
745.2	0.000101807713038848
745.4	0.000101973079638288
745.6	0.000101821927943811
745.8	0.000101212409469085
746	0.000100003584386646
746.2	9.80742473188429e-05
746.4	9.5343981178819e-05
746.6	9.17916814567408e-05
746.8	8.74660098522437e-05
747	8.24834744493903e-05
747.2	7.70135106155963e-05
747.4	7.12543278773123e-05
747.6	6.54061377721984e-05
747.8	5.96483522216166e-05
748	5.41248715182462e-05
748.2	4.89383154487589e-05
748.4	4.41515342166749e-05
748.6	3.97935683491522e-05
748.8	3.5867501420152e-05
749	3.23582912753628e-05
749.2	2.92395066925564e-05
749.4	2.64785726783395e-05
749.6	2.40405433910473e-05
749.8	2.18906249542185e-05
750	1.99957314393773e-05
750.2	1.83253405327752e-05
750.4	1.68518714078647e-05
750.6	1.55507725188848e-05
750.8	1.4400414821439e-05
751	1.33818803511854e-05
751.2	1.24787037671231e-05
751.4	1.16766008641605e-05
751.6	1.09632042106958e-05
751.8	1.03278169300902e-05
752	9.76118981300251e-06
752.2	9.25532390155965e-06
752.4	8.80329797877386e-06
752.6	8.39911538530652e-06
752.8	8.03757362250934e-06
753	7.71415282254302e-06
753.2	7.42492007733156e-06
753.4	7.16644748592578e-06
753.6	6.93574198022534e-06
753.8	6.73018520795264e-06
754	6.54748196815907e-06
754.2	6.38561585810063e-06
754.4	6.24281115759411e-06
754.6	6.11750021754378e-06
754.8	6.00829482170112e-06
755	5.91396114914991e-06
755.2	5.8333978951762e-06
755.4	5.76561710456423e-06
755.6	5.70972684941018e-06
755.8	5.6649158764237e-06
756	5.63043987340094e-06
756.2	5.60560895767485e-06
756.4	5.58977600947988e-06
756.6	5.58232666148044e-06
756.8	5.5826701662986e-06
757	5.59023109952552e-06
757.2	5.60444199814687e-06
757.4	5.62473698446051e-06
757.6	5.65054646103053e-06
757.8	5.68129299192665e-06
758	5.71638850703859e-06
758.2	5.75523321920343e-06
758.4	5.79721672173367e-06
758.6	5.84171942283754e-06
758.8	5.88811615569336e-06
759	5.93578185518466e-06
759.2	5.98409902689803e-06
759.4	6.03246686135124e-06
759.6	6.08031174236344e-06
759.8	6.12709879262752e-06
760	6.17234400227941e-06
760.2	6.21562603179163e-06
760.4	6.25659667522069e-06
760.6	6.29499243604953e-06
760.8	6.33064378357728e-06
761	6.36348193557795e-06
761.2	6.3935431866075e-06
761.4	6.42097058641402e-06
761.6	6.44601299657554e-06
761.8	6.46902168994283e-06
762	6.49044482346282e-06
762.2	6.51082047251277e-06
762.4	6.53076904931413e-06
762.6	6.55098388374174e-06
762.8	6.57222228931506e-06
763	6.59529750109162e-06
763.2	6.6210717736346e-06
763.4	6.6504510657948e-06
763.6	6.68438165405192e-06
763.8	6.72384893474555e-06
764	6.76987860569482e-06
764.2	6.82354005523408e-06
764.4	6.88595165223641e-06
764.6	6.95829050880025e-06
764.8	7.04180456729123e-06
765	7.13782736539704e-06
765.2	7.24779603641403e-06
765.4	7.37327290129525e-06
765.6	7.51597048746271e-06
765.8	7.67778098154871e-06
766	7.86081067599019e-06
766.2	8.06742097690356e-06
766.4	8.30027822557781e-06
766.6	8.56240655979164e-06
766.8	8.85725107070222e-06
767	9.18875227777262e-06
767.2	9.56143272166792e-06
767.4	9.98049725313234e-06
767.6	1.04519484053263e-05
767.8	1.0982717688126e-05
768	1.15808124749183e-05
768.2	1.22554739310831e-05
768.4	1.30173359173083e-05
768.6	1.38785875341071e-05
768.8	1.48531023795676e-05
769	1.5956493304332e-05
769.2	1.72060250362954e-05
769.4	1.86202738620759e-05
769.6	2.02183637480239e-05
769.8	2.20185279571768e-05
770	2.40356498880298e-05
770.2	2.62773562049325e-05
770.4	2.87382284988989e-05
770.6	3.13918504305581e-05
770.8	3.41810947142542e-05
771	3.70083131120913e-05
771.2	3.9729085274006e-05
771.4	4.21552433377925e-05
771.6	4.40732002105046e-05
771.8	4.52796599044935e-05
772	4.56278141562447e-05
772.2	4.50674075931488e-05
772.4	4.36601050206221e-05
772.6	4.15621448554502e-05
772.8	3.89829418695437e-05
773	3.61385624408362e-05
773.2	3.32165520542743e-05
773.4	3.03585935991784e-05
773.6	2.76585042131935e-05
773.8	2.51692935136392e-05
774	2.29134926410131e-05
774.2	2.08931275298563e-05
774.4	1.90977478750562e-05
774.6	1.75102284881156e-05
774.8	1.61106146678463e-05
775	1.48784946615823e-05
775.2	1.37943535548185e-05
775.4	1.28402636118386e-05
775.6	1.20001624912177e-05
775.8	1.12598921614752e-05
776	1.06071072053457e-05
776.2	1.00311200408541e-05
776.4	9.52272267883202e-06
776.6	9.0740042931552e-06
776.8	8.67818208323572e-06
777	8.32944906271327e-06
777.2	8.02283991715839e-06
777.4	7.75411476391915e-06
777.6	7.51965961110619e-06
777.8	7.31640186358088e-06
778	7.14173910813113e-06
778.2	6.99347964077653e-06
778.4	6.86979365967874e-06
778.6	6.7691723258041e-06
778.8	6.69039419678528e-06
779	6.63249833504667e-06
779.2	6.59476321132587e-06
779.4	6.57669077362744e-06
779.6	6.57799520134786e-06
779.8	6.59859600112841e-06
780	6.63861522806601e-06
780.2	6.69837825843074e-06
780.4	6.77841743987146e-06
780.6	6.87948258355176e-06
780.8	7.00255520495561e-06
781	7.14886716230245e-06
781.2	7.31992466943135e-06
781.4	7.51753840104068e-06
781.6	7.7438606054451e-06
781.8	8.00143037136613e-06
782	8.29322846869764e-06
782.2	8.62274343004921e-06
782.4	8.99405086791173e-06
782.6	9.41190921799825e-06
782.8	9.88187451299096e-06
783	1.04104379177778e-05
783.2	1.10051904655632e-05
783.4	1.16750200712312e-05
783.6	1.24303465677082e-05
783.8	1.32834010149708e-05
784	1.42485556272215e-05
784.2	1.53427105551377e-05
784.4	1.65857420710518e-05
784.6	1.80010054958427e-05
784.8	1.96158850374909e-05
785	2.14623609975347e-05
785.2	2.3577534150045e-05
785.4	2.60039969285555e-05
785.6	2.87898539140796e-05
785.8	3.19880758198685e-05
786	3.56546848523493e-05
786.2	3.98450239084532e-05
786.4	4.46070831354093e-05
786.6	4.99706593724391e-05
786.8	5.5931200571474e-05
787	6.24280519008909e-05
787.2	6.93190777355701e-05
787.4	7.63577590943815e-05
787.6	8.31842135853602e-05
787.8	8.93450444671946e-05
788	9.43528210994326e-05
788.2	9.77800272014031e-05
788.4	9.9359293533598e-05
788.6	9.90483355335995e-05
788.8	9.703005594729e-05
789	9.36508849145836e-05
789.2	8.93293528166517e-05
789.4	8.44723782475768e-05
789.6	7.94215243168702e-05
789.8	7.44319192762469e-05
790	6.9674757062299e-05
790.2	6.5251865585011e-05
790.4	6.12136088038428e-05
790.6	5.75752509443783e-05
790.8	5.43299358276454e-05
791	5.14580967173973e-05
791.2	4.8933846463953e-05
791.4	4.67290861464691e-05
791.6	4.48160066952858e-05
791.8	4.31685140195411e-05
792	4.17629621358614e-05
792.2	4.05784583861243e-05
792.4	3.95969169696225e-05
792.6	3.88029763829328e-05
792.8	3.81838451798085e-05
793	3.77291213996192e-05
793.2	3.74306114945163e-05
793.4	3.72821624816246e-05
793.6	3.72795139480687e-05
793.8	3.74201720813274e-05
794	3.77033050318971e-05
794.2	3.81296566675076e-05
794.4	3.8701473881249e-05
794.6	3.94224437515172e-05
794.8	4.02976314624487e-05
795	4.13334089510473e-05
795.2	4.2537361275662e-05
795.4	4.39181535067329e-05
795.6	4.54853380426877e-05
795.8	4.72490723325521e-05
796	4.92197115037694e-05
796.2	5.14072287787648e-05
796.4	5.38204060223051e-05
796.6	5.64657647412832e-05
796.8	5.93461575872357e-05
797	6.2458974369723e-05
797.2	6.5793947894833e-05
797.4	6.93305993539268e-05
797.6	7.3035458021703e-05
797.8	7.68593283300149e-05
798	8.07350527115976e-05
798.2	8.45764141601904e-05
798.4	8.82789513660151e-05
798.6	9.17233400329816e-05
798.8	9.4781934202579e-05
799	9.73283945009138e-05
799.2	9.92495104841958e-05
799.4	0.000100457474946788
799.6	0.000100900305201099
799.8	0.000100568168538086
800	9.94941690234538e-05
800.2	9.7749471983196e-05
800.4	9.54340020248568e-05
800.6	9.26647845768874e-05
800.8	8.95642182087013e-05
801	8.62501143672407e-05
801.2	8.28285226868139e-05
801.4	7.93895559353836e-05
801.6	7.60058453593649e-05
801.8	7.27329625455437e-05
802	6.96110921413707e-05
802.2	6.66673360048277e-05
802.4	6.39181916867018e-05
802.6	6.13719309028539e-05
802.8	5.90306957762855e-05
803	5.68922528238595e-05
803.2	5.4951404379209e-05
803.4	5.32010878843896e-05
803.6	5.16332083245471e-05
803.8	5.02392524197545e-05
804	4.90107301874606e-05
804.2	4.79394830095456e-05
804.4	4.70178913456519e-05
804.6	4.62390123703383e-05
804.8	4.55966617940336e-05
805	4.50854571491851e-05
805.2	4.47008347549193e-05
805.4	4.44390486696042e-05
805.6	4.42971586812384e-05
805.8	4.42730102280192e-05
806	4.43652089263395e-05
806.2	4.45730903592287e-05
806.4	4.48966831728433e-05
806.6	4.53366714540021e-05
806.8	4.58943519383898e-05
807	4.65715828414027e-05
807.2	4.73707217592365e-05
807.4	4.82945488287478e-05
807.6	4.93461704489799e-05
807.8	5.05288979475885e-05
808	5.18460946635356e-05
808.2	5.33009857321246e-05
808.4	5.48964253127587e-05
808.6	5.66345998243874e-05
808.8	5.85166703084766e-05
809	6.05423476172912e-05
809.2	6.27093964540278e-05
809.4	6.50130712042164e-05
809.6	6.74454948285599e-05
809.8	6.99950036707839e-05
810	7.26454959699791e-05
810.2	7.53758399545067e-05
810.4	7.81594162850592e-05
810.6	8.09638831770657e-05
810.8	8.37512692046869e-05
811	8.64784943225446e-05
811.2	8.90983998951028e-05
811.4	9.1561326750593e-05
811.6	9.38172151342001e-05
811.8	9.58181180213704e-05
812	9.75209328347921e-05
812.2	9.88900849263592e-05
812.4	9.98998620295346e-05
812.6	0.000100536116746391
812.8	0.000100797115469628
813	0.000100693435129185
813.2	0.000100246942684934
813.4	9.94890159798163e-05
813.6	9.84582526803136e-05
813.8	9.71979512028401e-05
814	9.57536335471328e-05
814.2	9.41708261279691e-05
814.4	9.24932403255615e-05
814.6	9.07614238484152e-05
814.8	8.90118784499767e-05
815	8.7276596858856e-05
815.2	8.5582945332913e-05
815.4	8.3953807751291e-05
815.6	8.24079079102078e-05
815.8	8.09602407855229e-05
816	7.96225553168362e-05
816.2	7.84038471186883e-05
816.4	7.73108321543918e-05
816.6	7.6348371849585e-05
816.8	7.5519851613101e-05
817	7.48275060886445e-05
817.2	7.4272688974441e-05
817.4	7.38560891237722e-05
817.6	7.35778958070187e-05
817.8	7.3437916334629e-05
818	7.34356489897605e-05
818.2	7.35703126949704e-05
818.4	7.38408354982905e-05
818.6	7.42458095620927e-05
818.8	7.47834019752632e-05
819	7.545122355349e-05
819.2	7.62461560227768e-05
819.4	7.71641368804465e-05
819.6	7.8199902063327e-05
819.8	7.93466882487773e-05
820	8.05958994083479e-05
820.2	8.19367451237264e-05
820.4	8.33558624395299e-05
820.6	8.48369534710705e-05
820.8	8.63604623574186e-05
821	8.79033303544968e-05
821.2	8.94388784000575e-05
821.4	9.09368723692167e-05
821.6	9.23638283616065e-05
821.8	9.36836099912643e-05
822	9.48583540169583e-05
822.2	9.5849734136044e-05
822.4	9.66205325823728e-05
822.6	9.71364305260863e-05
822.8	9.73678998101318e-05
823	9.72920251153267e-05
823.2	9.68940638368257e-05
823.4	9.6168558951986e-05
823.6	9.5119859209905e-05
823.8	9.37619684764616e-05
824	9.21177304419743e-05
824.2	9.0217439520294e-05
824.4	8.80970370372096e-05
824.6	8.57960899862379e-05
824.8	8.33557542680324e-05
825	8.08168998246369e-05
825.2	7.82185282186732e-05
825.4	7.55965576405461e-05
825.6	7.29829960043182e-05
825.8	7.0405481707926e-05
826	6.78871411299716e-05
826.2	6.54466966832022e-05
826.4	6.30987556589876e-05
826.6	6.08542154956125e-05
826.8	5.87207311274633e-05
827	5.6703201350327e-05
827.2	5.48042431376538e-05
827.4	5.30246333840651e-05
827.6	5.13637061468403e-05
827.8	4.98197000049284e-05
828	4.83900548168164e-05
828.2	4.70716612068158e-05
828.4	4.586106862944e-05
828.6	4.47546491351309e-05
828.8	4.37487284639357e-05
829	4.28396896527159e-05
829.2	4.20240532277414e-05
829.4	4.12985383325029e-05
829.6	4.06601085761266e-05
829.8	4.01060058282833e-05
830	3.96337746622511e-05
830.2	3.92412774465635e-05
830.4	3.89266986839479e-05
830.6	3.86885580305521e-05
830.8	3.85257174740841e-05
831	3.84373845851481e-05
831.2	3.84231144643059e-05
831.4	3.84828108146813e-05
831.6	3.86167263850156e-05
831.8	3.88254628544707e-05
832	3.91099700599287e-05
832.2	3.94715485464273e-05
832.4	3.99118608635169e-05
832.6	4.04329167990914e-05
832.8	4.10370621002725e-05
833	4.17269669971327e-05
833.2	4.25056091229599e-05
833.4	4.33762489157348e-05
833.6	4.43423951341534e-05
833.8	4.54077576047974e-05
834	4.65761837388298e-05
834.2	4.78515676872393e-05
834.4	4.92377174836771e-05
834.6	5.07382314589308e-05
834.8	5.23563282364621e-05
835	5.40946282530603e-05
835.2	5.59548866896768e-05
835.4	5.7937671974746e-05
835.6	6.00419928439874e-05
835.8	6.22648687726073e-05
836	6.46008494867378e-05
836.2	6.70415076522937e-05
836.4	6.95749404729227e-05
836.6	7.21852227670294e-05
836.8	7.48519396390827e-05
837	7.75498519681294e-05
837.2	8.02487564132469e-05
837.4	8.29136186943038e-05
837.6	8.55050565249512e-05
837.8	8.79802329828382e-05
838	9.02941893304072e-05
838.2	9.24015867832489e-05
838.4	9.42587705561568e-05
838.6	9.58261030649053e-05
838.8	9.70702637274301e-05
839	9.79662947381607e-05
839.2	9.84991738273979e-05
839.4	9.86647268780759e-05
839.6	9.84697726578047e-05
839.8	9.79314920282542e-05
840	9.70761142891696e-05
840.2	9.5937097467063e-05
840.4	9.45530194757254e-05
840.6	9.29653776489654e-05
840.8	9.12165396011879e-05
841	8.93479787306163e-05
841.2	8.73988754698865e-05
841.4	8.54051142733212e-05
841.6	8.339866051231e-05
841.8	8.1407270235628e-05
842	7.94544690677085e-05
842.2	7.75597320654429e-05
842.4	7.57387997600007e-05
842.6	7.40040728809388e-05
842.8	7.23650444411255e-05
843	7.08287366282812e-05
843.2	6.94001194819327e-05
843.4	6.80824969750789e-05
843.6	6.68778527046404e-05
843.8	6.57871522065185e-05
844	6.48106022064713e-05
844.2	6.39478706687726e-05
844.4	6.31982744491316e-05
844.6	6.256092656331e-05
844.8	6.20348549323415e-05
845	6.16190971466433e-05
845.2	6.13127733436401e-05
845.4	6.11151398250166e-05
845.6	6.10256289340932e-05
845.8	6.1043873934979e-05
846	6.1169720623921e-05
846.2	6.14032230066165e-05
846.4	6.17446173244628e-05
846.6	6.21943050838997e-05
846.8	6.27528184927673e-05
847	6.34207683833983e-05
847.2	6.41987762455289e-05
847.4	6.50873882761461e-05
847.6	6.60869690089494e-05
847.8	6.71975718447911e-05
848	6.84187837243938e-05
848.2	6.97495476581305e-05
848.4	7.11879696384158e-05
848.6	7.27310576033686e-05
848.8	7.43744380150585e-05
849	7.61120493887668e-05
849.2	7.79358131762029e-05
849.4	7.98352926036202e-05
849.6	8.17973556630767e-05
849.8	8.38058650508002e-05
850	8.58414250479403e-05
850.2	8.78812187118561e-05
850.4	8.98989751241119e-05
850.6	9.18651431606296e-05
850.8	9.37472849610369e-05
851	9.55107269973721e-05
851.2	9.71194898458095e-05
851.4	9.85374881804557e-05
851.6	9.9729959365921e-05
851.8	0.000100665042258079
852	0.000101315393235223
852.2	0.000101659702662322
852.4	0.000101683963933043
852.6	0.000101382349346995
852.8	0.000100757608703777
853	9.98209380672629e-05
853.2	9.85913287232391e-05
853.4	9.7094467250683e-05
853.6	9.53613042406405e-05
853.8	9.34264360153001e-05
854	9.13264480594021e-05
854.2	8.90983531513743e-05
854.4	8.67782270015594e-05
854.6	8.44001049522927e-05
854.8	8.19951686393298e-05
855	7.95912188093034e-05
855.2	7.72124010466207e-05
855.4	7.48791384597446e-05
855.6	7.26082675465863e-05
855.8	7.04132809890223e-05
856	6.83046419410135e-05
856.2	6.62901398143954e-05
856.4	6.4375259315979e-05
856.6	6.25635411853454e-05
856.8	6.08569215785925e-05
857	5.92560414056116e-05
857.2	5.77605212305206e-05
857.4	5.6369200579652e-05
857.6	5.50803426426158e-05
857.8	5.38918067101979e-05
858	5.28011914556908e-05
858.2	5.18059523606206e-05
858.4	5.09034969793202e-05
858.6	5.00912623487139e-05
858.8	4.93667756888763e-05
859	4.87277017267576e-05
859.2	4.81718792529346e-05
859.4	4.76973489500718e-05
859.6	4.73023742094514e-05
859.8	4.69854563567857e-05
860	4.67453454431305e-05
860.2	4.6581049360528e-05
860.4	4.64918431537404e-05
860.6	4.64772645859323e-05
860.8	4.65371125505427e-05
861	4.66714457406038e-05
861.2	4.68805796121781e-05
861.4	4.71650815585557e-05
861.6	4.75257640714467e-05
861.8	4.7963675520975e-05
862	4.84800880340108e-05
862.2	4.90764825269257e-05
862.4	4.97545311853472e-05
862.6	5.05160703585297e-05
862.8	5.13630676049189e-05
863	5.22975811381356e-05
863.2	5.33217093127211e-05
863.4	5.44375282005724e-05
863.6	5.56470150970412e-05
863.8	5.69519556257016e-05
864	5.83538320173438e-05
864.2	5.98536899014374e-05
864.4	6.14519810587011e-05
864.6	6.31483826133158e-05
864.8	6.4941589922162e-05
865	6.68290837741979e-05
865.2	6.88068756710791e-05
865.4	7.08692375312969e-05
865.6	7.30084148309779e-05
865.8	7.5214344291866e-05
866	7.74743922992006e-05
866.2	7.97731347204236e-05
866.4	8.20922047572603e-05
866.6	8.44102428451651e-05
866.8	8.67029787414359e-05
867	8.89434779702588e-05
867.2	9.1102579448126e-05
867.4	9.31495401141953e-05
867.6	9.50528862236516e-05
867.8	9.67814499531721e-05
868	9.83055460088394e-05
868.2	9.95982204808784e-05
868.4	0.000100636483548032
868.6	0.000101402416339048
868.8	0.000101884066703737
869	0.000102076047630237
869.2	0.000101979779665534
869.4	0.000101603355807279
869.6	0.000100961046078481
869.8	0.000100072494632702
870	9.89616892562057e-05
870.2	9.76557956025113e-05
870.4	9.61839518962242e-05
870.6	9.45761291269395e-05
870.8	9.28621025103418e-05
871	9.10705857972634e-05
871.2	8.92285552685589e-05
871.4	8.73607672889209e-05
871.6	8.54894576139939e-05
871.8	8.3634200053534e-05
872	8.18118963536425e-05
872.2	8.00368670444168e-05
872.4	7.8321014440812e-05
872.6	7.66740358805995e-05
872.8	7.51036622661115e-05
873	7.3615905659829e-05
873.2	7.22153039106526e-05
873.4	7.09051535834729e-05
873.6	6.96877255742025e-05
873.8	6.85644602487777e-05
874	6.75361407922825e-05
874.2	6.6603044664788e-05
874.4	6.57650742294914e-05
874.6	6.50218687841296e-05
874.8	6.4372898191479e-05
875	6.38175403697054e-05
875.2	6.33551445830787e-05
875.4	6.29850821594852e-05
875.6	6.27067860680209e-05
875.8	6.25197805615313e-05
876	6.2423701840491e-05
876.2	6.24183099261983e-05
876.4	6.25034910698123e-05
876.6	6.26792550705734e-05
876.8	6.29457246628778e-05
877	6.33031163792536e-05
877.2	6.37517126133529e-05
877.4	6.42918239774777e-05
877.6	6.49237407862535e-05
877.8	6.56476722481007e-05
878	6.64636717222274e-05
878.2	6.73715468471499e-05
878.4	6.83707535575432e-05
878.6	6.94602669903793e-05
878.8	7.06384318465372e-05
879	7.19027906705481e-05
879.2	7.32498889607348e-05
879.4	7.46750577632785e-05
879.6	7.61721761418024e-05
879.8	7.77334183044257e-05
880	7.93489932965603e-05
880.2	8.10068908775321e-05
880.4	8.26926520225983e-05
880.6	8.43891706200432e-05
880.8	8.60765667438597e-05
881	8.7732161009275e-05
881.2	8.93305818646494e-05
881.4	9.08440392329935e-05
881.6	9.22427934771151e-05
881.8	9.34958387509128e-05
882	9.4571803714356e-05
882.2	9.54400490756024e-05
882.4	9.60719171870001e-05
882.6	9.64420731049679e-05
882.8	9.65298231948327e-05
883	9.63203018585587e-05
883.2	9.58054135056775e-05
883.4	9.49844290850657e-05
883.6	9.38641666149766e-05
883.8	9.24587276190471e-05
884	9.07888094892558e-05
884.2	8.88806577368693e-05
884.4	8.67647554576857e-05
884.6	8.4474384827426e-05
884.8	8.20441748165616e-05
885	7.95087421762902e-05
885.2	7.69015105210818e-05
885.4	7.42537608398248e-05
885.6	7.1593936194635e-05
885.8	6.89471969197475e-05
886	6.63352027989657e-05
886.2	6.37760883927729e-05
886.4	6.12845915850401e-05
886.6	5.88722762631327e-05
886.8	5.65478293581163e-05
887	5.43173975923785e-05
887.2	5.21849360362307e-05
887.4	5.01525494187929e-05
887.6	4.82208130968988e-05
887.8	4.63890655718316e-05
888	4.46556683697227e-05
888.2	4.30182314334941e-05
888.4	4.14738045083842e-05
888.6	4.00190411964499e-05
888.8	3.86503331772828e-05
889	3.73639188018385e-05
889.2	3.6155970014664e-05
889.4	3.5022660773939e-05
889.6	3.39602199023046e-05
889.8	3.29649710052183e-05
890	3.20333617750689e-05
890.2	3.11619843586424e-05
890.4	3.03475883568713e-05
890.6	2.95870904060598e-05
890.8	2.88775785089732e-05
891	2.8216312697e-05
891.2	2.7600723200634e-05
891.4	2.70284067763803e-05
891.6	2.64971217100809e-05
891.8	2.60047819103221e-05
892	2.5549450417979e-05
892.2	2.51293328233274e-05
892.4	2.47427707757776e-05
892.6	2.43882339367466e-05
892.8	2.40643129384363e-05
893	2.37697128425417e-05
893.2	2.35032468544801e-05
893.4	2.32638303333706e-05
893.6	2.30504751232944e-05
893.8	2.28622842199783e-05
894	2.26984467782824e-05
894.2	2.25582334904184e-05
894.4	2.24409925663868e-05
894.6	2.2346145993434e-05
894.8	2.22731858502722e-05
895	2.22216709048494e-05
895.2	2.21912235017471e-05
895.4	2.21815267224428e-05
895.6	2.21923218013674e-05
895.8	2.22234057805745e-05
896	2.22746293859129e-05
896.2	2.23458948206709e-05
896.4	2.24371529708843e-05
896.6	2.25484023467918e-05
896.8	2.26796878976332e-05
897	2.28310997208245e-05
897.2	2.30027718862933e-05
897.4	2.31948813597003e-05
897.6	2.34076470080657e-05
897.8	2.36413286709925e-05
898	2.38962262802675e-05
898.2	2.41726795711772e-05
898.4	2.44710691702509e-05
898.6	2.4791814511955e-05
898.8	2.51353725147468e-05
899	2.55022367183209e-05
899.2	2.58929363559838e-05
899.4	2.63080353387734e-05
899.6	2.67481311260921e-05
899.8	2.72138534559836e-05
900	2.770586290651e-05
900.2	2.82248483060601e-05
900.4	2.87715216756905e-05
900.6	2.9346618330398e-05
900.8	2.99508952302932e-05
901	3.05851281144694e-05
901.2	3.12501082510729e-05
901.4	3.19466387630262e-05
901.6	3.26755304875203e-05
901.8	3.34375973263699e-05
902	3.42336510436313e-05
902.2	3.50644968469585e-05
902.4	3.59309315360496e-05
902.6	3.68337330655886e-05
902.8	3.77736515242343e-05
903	3.87514006235202e-05
903.2	3.9767648385924e-05
903.4	4.08230069992555e-05
903.6	4.19180218100579e-05
903.8	4.30531594356213e-05
904	4.42287949827506e-05
904.2	4.54451963660782e-05
904.4	4.67025031661868e-05
904.6	4.80007162096014e-05
904.8	4.93396831446608e-05
905	5.0719081411543e-05
905.2	5.2138400560399e-05
905.4	5.35969240277279e-05
905.6	5.50937105080117e-05
905.8	5.66275750870795e-05
906	5.81970703358733e-05
906.2	5.9800470307945e-05
906.4	6.14357609829021e-05
906.6	6.3100615597986e-05
906.8	6.47923756013042e-05
907	6.65080356295252e-05
907.2	6.82442303698242e-05
907.4	6.99972237721937e-05
907.6	7.17629011158745e-05
907.8	7.35367644667646e-05
908	7.53139320891805e-05
908.2	7.70891392206985e-05
908.4	7.8856737380007e-05
908.6	8.06107183954361e-05
908.8	8.23447389254529e-05
909	8.40521486763828e-05
909.2	8.57260258167103e-05
909.4	8.73592198829559e-05
909.6	8.89444023293409e-05
909.8	9.04741246985652e-05
910	9.19408841846423e-05
910.2	9.33371990007007e-05
910.4	9.46556953445779e-05
910.6	9.58891818120264e-05
910.8	9.70307337946632e-05
911	9.80737832343883e-05
911.2	9.9012209017954e-05
911.4	9.98404260271334e-05
911.6	0.000100553470703189
911.8	0.000101147080896696
912	0.000101617767768048
912.2	0.000101962876722196
912.4	0.000102180634951604
912.6	0.000102270190768553
912.8	0.000102231635519375
913	0.000102066008513048
913.2	0.000101775285532858
913.4	0.000101362351061871
913.6	0.000100830954882692
913.8	0.000100185654217796
914	9.9431743031767e-05
914.2	9.85751701977109e-05
914.4	9.76224488337559e-05
914.6	9.65805615544262e-05
914.8	9.5456861062372e-05
915	9.42589693481005e-05
915.2	9.29946782839763e-05
915.4	9.16718538084918e-05
915.6	9.02983455959247e-05
915.8	8.88819037783928e-05
916	8.74301039695423e-05
916.2	8.59502814707011e-05
916.4	8.4449474949031e-05
916.6	8.29343797276102e-05
916.8	8.14113113646973e-05
917	7.98861786771163e-05
917.2	7.83644655357363e-05
917.4	7.68512207162308e-05
917.6	7.53510549837408e-05
917.8	7.38681445282585e-05
918	7.24062398433387e-05
918.2	7.09686791984425e-05
918.4	6.95584058608012e-05
918.6	6.81779878286904e-05
918.8	6.68296397964182e-05
919	6.55152466360889e-05
919.2	6.42363877528628e-05
919.4	6.29943618043462e-05
919.6	6.17902113545548e-05
919.8	6.06247471085323e-05
920	5.94985714438155e-05
920.2	5.8412100937099e-05
920.4	5.73655876120037e-05
920.6	5.63591394490421e-05
920.8	5.53927394990588e-05
921	5.4466263615957e-05
921.2	5.35794968769491e-05
921.4	5.27321487074329e-05
921.6	5.19238667465212e-05
921.8	5.11542495038047e-05
922	5.04228578686616e-05
922.2	4.97292255695035e-05
922.4	4.90728687049912e-05
922.6	4.84532941906898e-05
922.8	4.78700073822565e-05
923	4.7322518947802e-05
923.2	4.68103510410692e-05
923.4	4.63330428483778e-05
923.6	4.58901555793295e-05
923.8	4.54812769680419e-05
924	4.51060253482039e-05
924.2	4.47640540016752e-05
924.4	4.44550567303601e-05
924.6	4.41787695329268e-05
924.8	4.39349729903468e-05
925	4.37234950752694e-05
925.2	4.35442138524442e-05
925.4	4.33970601127269e-05
925.6	4.32820199811651e-05
925.8	4.31991375379631e-05
926	4.31485174897816e-05
926.2	4.31303261509459e-05
926.4	4.31447884309437e-05
926.6	4.3192195163161e-05
926.8	4.32729078439584e-05
927	4.33873619378871e-05
927.2	4.35360704257175e-05
927.4	4.37196276312973e-05
927.6	4.39387133646456e-05
927.8	4.41940974206072e-05
928	4.44866444747528e-05
928.2	4.48173218212602e-05
928.4	4.51872131438136e-05
928.6	4.55975190930422e-05
928.8	4.60495622890268e-05
929	4.65447952464311e-05
929.2	4.7084809068231e-05
929.4	4.76713429870319e-05
929.6	4.83062948411497e-05
929.8	4.89917325819684e-05
930	4.97299069195745e-05
930.2	5.05232621423351e-05
930.4	5.13744411123338e-05
930.6	5.22863093148078e-05
930.8	5.32619757588285e-05
931	5.4304812849439e-05
931.2	5.54184782672319e-05
931.4	5.66069390728856e-05
931.6	5.78744982798468e-05
931.8	5.92258241673407e-05
932	6.06659826385265e-05
932.2	6.22004791485245e-05
932.4	6.38353191911997e-05
932.6	6.55770382469736e-05
932.8	6.74327458532145e-05
933	6.94101807497369e-05
933.2	7.1517772117024e-05
933.4	7.3764707635045e-05
933.6	7.61610091842594e-05
933.8	7.87176171154533e-05
934	8.14464841333984e-05
934.2	8.43606655588644e-05
934.4	8.74743861764223e-05
934.6	9.08032004009925e-05
934.8	9.43641466457593e-05
935	9.81759051719244e-05
935.2	0.000102258974307804
935.4	0.000106635867243783
935.6	0.00011133133185767
935.8	0.000116372596291017
936	0.000121789643277338
936.2	0.000127615545545227
936.4	0.000133886911103711
936.6	0.000140644210821716
936.8	0.000147932189961207
937	0.0001558003555012
937.2	0.000164303518613947
937.4	0.000173502397100134
937.6	0.000183464282335113
937.8	0.000194263774670314
938	0.00020598359011764
938.2	0.00021871539862076
938.4	0.000232560624394076
938.6	0.000247631525433751
938.8	0.000264052271981195
939	0.000281960016968025
939.2	0.000301505959912164
939.4	0.000322856354693798
939.6	0.000346193389941149
939.8	0.000371715842188159
940	0.000399639365006849
940.2	0.00043019624467121
940.4	0.000463634405340536
940.6	0.000500215239588182
940.8	0.000540209964606828
941	0.000583894023340208
941.2	0.000631538958862203
941.4	0.000683401138051663
941.6	0.000739706681116298
941.8	0.000800632017123857
942	0.000866279684433994
942.2	0.000936649480302056
942.4	0.00101160576977403
942.6	0.00109084187101624
942.8	0.00117384502008924
943	0.00125986625669827
943.2	0.00134790093256409
943.4	0.00143668654065547
943.6	0.00152472443732291
943.8	0.00161033030314617
944	0.0016917145618376
944.2	0.00176708854652772
944.4	0.00183478633369995
944.6	0.00189338840820156
944.8	0.00194182834472347
945	0.00197946681584534
945.2	0.00200612262424813
945.4	0.00202205817443276
945.6	0.00202792489452872
945.8	0.00202468022743372
946	0.0020134906152105
946.2	0.00199563432243011
946.4	0.00197241478079433
946.6	0.00194509101214986
946.8	0.00191482787696951
947	0.00188266519745639
947.2	0.00184950295796609
947.4	0.00181609893537347
947.6	0.00178307504538373
947.8	0.00175092912620184
948	0.00172004954403159
948.2	0.00169073072690097
948.4	0.00166318833288318
948.6	0.00163757308372879
948.8	0.00161398310019182
949	0.00159247454845343
949.2	0.00157307058496545
949.4	0.00155576871386213
949.6	0.0015405467218346
949.8	0.00152736737381694
950	0.00151618205133098
950.2	0.00150693351589916
950.4	0.00149955798729895
950.6	0.00149398655258605
950.8	0.00149014606641528
951	0.00148795965793429
951.2	0.00148734691797308
951.4	0.00148822383477335
951.6	0.00149050253703601
951.8	0.00149409089614204
952	0.00149889203471532
952.2	0.00150480376688759
952.4	0.00151171798768017
952.6	0.00151952021103645
952.8	0.00152808916387334
953	0.00153729648916269
953.2	0.00154700662020933
953.4	0.00155707687072778
953.6	0.00156735778328144
953.8	0.00157769377443854
954	0.00158792410807567
954.2	0.00159788422315829
954.4	0.00160740742821328
954.6	0.00161632691356358
954.8	0.00162447809460156
955	0.00163170123207966
955.2	0.00163784425366288
955.4	0.00164276568549663
955.6	0.00164633758510877
955.8	0.00164844835460823
956	0.00164900530765508
956.2	0.00164793686774659
956.4	0.0016451942855883
956.6	0.00164075277291443
956.8	0.00163461200226387
957	0.00162679593846637
957.2	0.0016173520045484
957.4	0.00160634962195625
957.6	0.00159387819724567
957.8	0.00158004465376766
958	0.00156497062547443
958.2	0.00154878944066599
958.4	0.00153164302909013
958.6	0.00151367886218727
958.8	0.00149504702950784
959	0.00147589754660085
959.2	0.00145637796166957
959.4	0.00143663130552614
959.6	0.00141679440804063
959.8	0.00139699658517524
960	0.00137735868469766
960.2	0.00135799246177306
960.4	0.00133900024869597
960.6	0.00132047491725836
960.8	0.00130250005266205
961	0.00128515030241044
961.2	0.00126849186576975
961.4	0.00125258308796876
961.6	0.00123747512737981
961.8	0.00122321266841463
962	0.00120983465744541
962.2	0.00119737504363303
962.4	0.00118586351204085
962.6	0.00117532619722412
962.8	0.00116578636806848
963	0.00115726508076756
963.2	0.00114978179790334
963.4	0.001143354973263
963.6	0.00113800260350254
963.8	0.00113374274891703
964	0.00113059402645766
964.2	0.00112857606120033
964.4	0.00112770986763775
964.6	0.00112801830842027
964.8	0.0011295265286668
965	0.00113226237064652
965.2	0.00113625678785792
965.4	0.0011415442637435
965.6	0.00114816324041816
965.8	0.00115615656294533
966	0.00116557194488105
966.2	0.00117646250851814
966.4	0.0011888874801761
966.6	0.00120291266508368
966.8	0.00121861103031559
967	0.00123606338544412
967.2	0.0012553591278867
967.4	0.00127659706184584
967.6	0.00129988630044612
967.8	0.00132534726144285
968	0.0013531127676944
968.2	0.00138332918482198
968.4	0.00141615748732789
968.6	0.00145177490416821
968.8	0.00149037661221559
969	0.00153217752720703
969.2	0.00157741427622657
969.4	0.00162634736508024
969.6	0.00167926355239255
969.8	0.0017364784395592
970	0.00179833928131459
970.2	0.00186522818891043
970.4	0.00193756598849506
970.6	0.00201581532034776
970.8	0.00210048410784524
971	0.00219212925086503
971.2	0.00229136028077916
971.4	0.00239884281380402
971.6	0.00251530156962707
971.8	0.00264152262964739
972	0.00277835448791514
972.2	0.00292670699534916
972.4	0.00308754691131843
972.6	0.00326189137552334
972.8	0.00345079599358537
973	0.00365533594518806
973.2	0.0038765782813231
973.4	0.00411554292298375
973.6	0.00437314951952006
973.8	0.00465014711388192
974	0.0049470236480088
974.2	0.00526389293023933
974.4	0.00560035810749196
974.6	0.00595535348007825
974.8	0.00632697036316548
975	0.00671227875269409
975.2	0.00710716411832759
975.4	0.00750620705050535
975.6	0.00790264104274033
975.8	0.00828842754571813
976	0.00865448395149368
976.2	0.00899108664107445
976.4	0.0092884441473996
976.6	0.00953739329736375
976.8	0.00973014652861787
977	0.00986098259598849
977.2	0.00992676702275969
977.4	0.00992721180796728
977.6	0.00986483123074192
977.8	0.00974460968099874
978	0.00957345039295831
978.2	0.00935950632704349
978.4	0.00911149992846234
978.6	0.00883811426753906
978.8	0.00854751295487988
979	0.00824701148242525
979.2	0.00794289381028525
979.4	0.00764035070197841
979.6	0.00734350870643843
979.8	0.00705551861806988
980	0.00677867668045232
980.2	0.00651455747280541
980.4	0.00626414407185615
980.6	0.00602795188954399
980.8	0.00580613601219909
981	0.00559858145119868
981.2	0.00540497736579796
981.4	0.00522487666217799
981.6	0.00505774285302673
981.8	0.00490298618482636
982	0.00475999095252714
982.2	0.00462813599682781
982.4	0.00450680993466692
982.6	0.00439542027437248
982.8	0.00429340006286343
983	0.00420021230535911
983.2	0.00411535246950973
983.4	0.00403834957367761
983.6	0.00396876624540058
983.8	0.00390619804492428
984	0.00385027227650049
984.2	0.00380064640529088
984.4	0.00375700623480077
984.6	0.0037190642862825
984.8	0.00368655787465119
985	0.00365924708613172
985.2	0.0036369127535621
985.4	0.00361935444378707
985.6	0.00360638846301715
985.8	0.00359784587971094
986	0.003593570559967
986.2	0.00359341720551694
986.4	0.00359724937975613
986.6	0.00360493752511253
986.8	0.00361635695238095
987	0.00363138578933063
987.2	0.00364990288020589
987.4	0.00367178562905113
987.6	0.00369690778309559
987.8	0.0037251371567993
988	0.00375633330268595
988.2	0.00379034506088588
988.4	0.00382700789522555
988.6	0.00386614170918321
988.8	0.00390754861003523
989	0.0039510107098775
989.2	0.00399628810203458
989.4	0.00404311709188235
989.6	0.00409120877341192
989.8	0.00414024805374231
990	0.00418989323605831
990.2	0.00423977638451604
990.4	0.00428950469254747
990.6	0.00433866207280685
990.8	0.004386811925697
991	0.00443350105511931
991.2	0.00447826465178223
991.4	0.00452063232601115
991.6	0.0045601351178057
991.8	0.00459631335156794
992	0.00462872514011538
992.2	0.00465695528205654
992.4	0.00468062424361453
992.6	0.00469939687581343
992.8	0.00471299049836521
993	0.00472118198265814
993.2	0.0047238134933612
993.4	0.00472079660040335
993.6	0.00471211454768703
993.8	0.00469782255678029
994	0.00467804614582236
994.2	0.0046529775507659
994.4	0.00462287049176565
994.6	0.00458803349507787
994.8	0.00454882198224377
995	0.00450562956883646
995.2	0.00445887896083185
995.4	0.00440901281134413
995.6	0.00435648486692793
995.8	0.00430175168330659
996	0.00424526513097398
996.2	0.00418746579626793
996.4	0.00412877730953544
996.6	0.0040696020631231
996.8	0.00401031792048987
997	0.00395127588160776
997.2	0.00389279866619201
997.4	0.00383518011007436
997.6	0.00377868525928207
997.8	0.00372355104320708
998	0.00366998741109919
998.2	0.0036181788234758
998.4	0.00356828600032652
998.6	0.0035204478396376
998.8	0.00347478343333944
999	0.00343139411995004
999.2	0.00339036552521481
999.4	0.00335176955306837
999.6	0.00331566629896025
999.8	0.00328210586595465
1000	0.00325113007103749
1000.2	0.00322277404490048
1000.4	0.0031970677031394
1000.6	0.00317403701537899
1000.8	0.00315370522426365
1001	0.00313609397413696
1001.2	0.0031212243387817
1001.4	0.00310911775572669
1001.6	0.00309979687495537
1001.8	0.00309328632984177
1002	0.0030896134378523
1002.2	0.00308880886633087
1002.4	0.00309090733240046
1002.6	0.00309594810993374
1002.8	0.0031039754977872
1003	0.00311503926570577
1003.2	0.00312919506038862
1003.4	0.00314650477276133
1003.6	0.00316703686599092
1003.8	0.00319086666209686
1004	0.00321807658311691
1004.2	0.00324875634495602
1004.4	0.00328300310212763
1004.6	0.00332092149708261
1004.8	0.00336262362841544
1005	0.00340822891821758
1005.2	0.00345786385232362
1005.4	0.00351166156608775
1005.6	0.00356976124284202
1005.8	0.00363230728600257
1006	0.00369944821888676
1006.2	0.00377133508507709
1006.4	0.00384811903681273
1006.6	0.00392994944095374
1006.8	0.00401697120759539
1007	0.00410932134046072
1007.2	0.00420712477073329
1007.4	0.00431048937559062
1007.6	0.00441950008084456
1007.8	0.00453421195023915
1008	0.00465464217428721
1008.2	0.00478076130442232
1008.4	0.00491248424122544
1008.6	0.00504965764568449
1008.8	0.005192046852901
1009	0.0053393222141434
1009.2	0.00549104478155238
1009.4	0.00564665177898258
1009.6	0.00580544247952763
1009.8	0.00596656530926447
1010	0.00612900720627535
1010.2	0.00629158591444793
1010.4	0.00645294609041623
1010.6	0.00661156523717404
1010.8	0.00676576649655425
1011	0.00691374007640095
1011.2	0.00705357476244771
1011.4	0.00718329981942086
1011.6	0.00730093677647189
1011.8	0.00740455961702589
1012	0.00749236084207606
1012.2	0.00756272014017876
1012.4	0.0076142711897774
1012.6	0.00764595981444664
1012.8	0.0076570919360315
1013	0.00764736664651354
1013.2	0.00761689117253481
1013.4	0.00756617638403306
1013.6	0.0074961132111777
1013.8	0.00740793199821461
1014	0.00730314820956106
1014.2	0.0071834990313461
1014.4	0.00705087600991465
1014.6	0.00690725662350927
1014.8	0.00675463987456798
1015	0.00659498920702248
1015.2	0.00643018471604869
1015.4	0.00626198570527207
1015.6	0.00609200372234063
1015.8	0.00592168547108702
1016	0.00575230448653962
1016.2	0.00558496002824675
1016.4	0.00542058155641587
1016.6	0.00525993838147422
1016.8	0.00510365200223988
1017	0.00495221009542417
1017.2	0.00480598133407571
1017.4	0.00466523028844234
1017.6	0.00453013185842006
1017.8	0.00440078485686569
1018	0.00427722450386166
1018.2	0.00415943372933354
1018.4	0.00404735325462416
1018.6	0.00394089026765936
1018.8	0.00383992598325371
1019	0.00374432213375766
1019.2	0.00365392646148969
1019.4	0.00356857731908487
1019.6	0.00348810748376566
1019.8	0.00341234728724734
1020	0.00334112715610738
1020.2	0.00327427964376005
1020.4	0.0032116410302929
1020.6	0.00315305260008159
1020.8	0.00309836160516841
1021	0.00304742197723942
1021.2	0.0030000948391822
1021.4	0.00295624885418407
1021.6	0.00291576044450492
1021.8	0.00287851390696325
1022	0.00284440144775796
1022.2	0.00281332315951189
1022.4	0.00278518695410834
1022.6	0.00275990843373717
1022.8	0.00273741075670897
1023	0.00271762449436765
1023.2	0.00270048748040759
1023.4	0.00268594465817396
1023.6	0.00267394793038726
1023.8	0.0026644560147862
1024	0.00265743430839596
1024.2	0.00265285477278636
1024.4	0.00265069587066487
1024.6	0.00265094246771916
1024.8	0.00265358574155917
1025	0.00265862311121162
1025.2	0.00266605818151313
1025.4	0.00267590070213733
1025.6	0.00268816654073628
1025.8	0.00270287766942912
1026	0.00272006216361423
1026.2	0.00273975413850634
1026.4	0.00276199350410699
1026.6	0.00278682613076521
1026.8	0.00281430393523591
1027	0.00284448490515024
1027.2	0.00287743312124223
1027.4	0.00291321877357752
1027.6	0.00295191816740257
1027.8	0.00299361371351388
1028	0.00303839389722768
1028.2	0.00308635340072195
1028.4	0.00313759363195327
1028.6	0.00319222218780391
1028.8	0.00325035251733478
1029	0.00331210368233114
1029.2	0.00337760003878208
1029.4	0.00344697082384531
1029.6	0.00352034963107745
1029.8	0.00359787375438662
1030	0.00367968337913379
1030.2	0.00376592027973253
1030.4	0.00385672556203798
1030.6	0.00395223897478036
1030.8	0.00405259749193301
1031	0.0041579333176847
1031.2	0.00426837157296881
1031.4	0.00438402763474311
1031.6	0.00450500410143409
1031.8	0.00463138736194291
1032	0.00476324375176979
1032.2	0.0049006157431573
1032.4	0.00504351876556306
1032.6	0.00519193500523998
1032.8	0.00534580754284621
1033	0.00550503460276267
1033.2	0.00566946358232748
1033.4	0.00583888498235667
1033.6	0.00601302639696493
1033.8	0.00619154676012425
1034	0.00637403108697882
1034.2	0.00655998554401435
1034.4	0.00674883266110337
1034.6	0.00693991062070452
1034.8	0.00713247357128517
1035	0.00732569365538523
1035.2	0.00751866549455028
1035.4	0.00771041339121576
1035.6	0.00789990142153932
1035.8	0.00808604647721344
1036	0.00826773417111279
1036.2	0.00844383751010944
1036.4	0.00861323802590572
1036.6	0.0087748475335744
1036.8	0.00892763106887289
1037	0.00907062995513228
1037.2	0.00920298389414363
1037.4	0.00932395112100936
1037.6	0.00943292571567047
1037.8	0.00952945128308855
1038	0.00961323039274547
1038.2	0.00968412946858695
1038.4	0.00974217900139458
1038.6	0.00978756861809818
1038.8	0.0098206381435314
1039	0.00984186505621494
1039.2	0.00985184896022116
1039.4	0.00985129388259043
1039.6	0.00984098923922511
1039.8	0.00982179028943492
1040	0.00979459882919294
1040.2	0.00976034475949311
1040.4	0.00971996913256712
1040.6	0.00967440904799957
1040.8	0.00962458436217005
1041	0.00957138650712355
1041.2	0.00951566946849863
1041.4	0.00945824284549696
1041.6	0.00939986684775146
1041.8	0.00934124903670989
1042	0.00928304259078835
1042.2	0.00922584581781819
1042.4	0.00917020266603447
1042.6	0.00911660438449688
1042.8	0.00906549171491074
1043	0.00901725747000832
1043.2	0.0089722493847318
1043.4	0.00893077310380277
1043.6	0.00889309519172619
1043.8	0.00885944607199416
1044	0.00883002282074329
1044.2	0.0088049917308681
1044.4	0.00878449050686384
1044.6	0.00876863027026163
1044.8	0.00875749730698497
1045	0.00875115448658298
1045.2	0.00874964235040115
1045.4	0.00875297986158296
1045.6	0.00876116481359006
1045.8	0.00877417389708139
1046	0.00879196242781075
1046.2	0.00881446379867796
1046.4	0.00884158875737149
1046.6	0.0088732240480367
1046.8	0.00890923081339511
1047	0.00894944276678474
1047.2	0.00899366411332305
1047.4	0.00904166725613663
1047.6	0.00909319033339833
1047.8	0.00914793464354565
1048	0.00920556202953174
1048.2	0.00926569226693615
1048.4	0.00932790051125528
1048.6	0.00939171526277898
1048.8	0.00945661667390823
1049	0.00952203538406693
1049.2	0.00958735209337956
1049.4	0.00965189805898747
1049.6	0.00971495670412014
1049.8	0.00977576652846633
1050	0.00983352549669494
1050.2	0.00988739712728271
1050.4	0.00993651843258997
1050.6	0.00998000920442454
1050.8	0.0100169832621904
1051	0.0100465614782992
1051.2	0.0100678863152888
1051.4	0.0100801375802749
1051.6	0.0100825489954924
1051.8	0.0100744250838177
1052	0.0100551577837499
1052.2	0.0100242421570398
1052.4	0.0099812906380896
1052.6	0.00992604507991219
1052.8	0.00985838580316539
1053	0.00977833726888503
1053.2	0.00968607003885833
1053.4	0.00958189884285089
1053.6	0.00946627676365849
1053.8	0.00933978574586904
1054	0.00920312381674196
1054.2	0.00905708947721542
1054.4	0.00890256379180953
1054.6	0.00874049162760001
1054.8	0.00857186221617004
1055	0.00839768977711231
1055.2	0.00821899493572341
1055.4	0.00803678749677836
1055.6	0.00785205101682474
1055.8	0.00766572948785669
1056	0.00747871631582545
1056.2	0.00729184567961423
1056.4	0.00710588624985058
1056.6	0.00692153695546198
1056.8	0.00673942478941835
1057	0.00656010439614991
1057.2	0.00638405915712747
1057.4	0.00621170350616885
1057.6	0.00604338621201513
1057.8	0.00587939438196663
1058	0.00571995796364582
1058.2	0.00556525456786636
1058.4	0.00541541445985932
1058.6	0.00527052543579421
1058.8	0.00513063763463989
1059	0.00499576817774962
1059.2	0.00486590555575836
1059.4	0.00474101372154546
1059.6	0.00462103586439273
1059.8	0.0045058978538178
1060	0.00439551135215534
1060.2	0.00428977653913784
1060.4	0.00418858442186939
1060.6	0.00409181925081615
1060.8	0.00399936049573071
1061	0.00391108449938916
1061.2	0.00382686590173992
1061.4	0.00374657885671146
1061.6	0.00367009806325668
1061.8	0.0035972996311778
1062	0.00352806180099965
1062.2	0.0034622655918053
1062.4	0.00339979542178628
1062.6	0.00334053927789017
1062.8	0.00328438895881126
1063	0.00323124030936676
1063.2	0.00318099339359148
1063.4	0.00313355261601665
1063.6	0.00308882679948193
1063.8	0.00304672922681502
1064	0.00300717765279288
1064.2	0.00297009427445995
1064.4	0.00293540566078468
1064.6	0.00290304278128651
1064.8	0.00287294096656163
1065	0.00284503983971621
1065.2	0.00281928324240255
1065.4	0.00279561915769776
1065.6	0.00277399963172341
1065.8	0.00275438069560677
1066	0.0027367222891314
1066.2	0.002720988188245
1066.4	0.00270714593279465
1066.6	0.00269516674852148
1066.8	0.00268502548485347
1067	0.00267670056068736
1067.2	0.00267017391610332
1067.4	0.00266543097034044
1067.6	0.00266246058628389
1067.8	0.00266125504164794
1068	0.00266181000697846
1068.2	0.00266412454217363
1068.4	0.00266820113419815
1068.6	0.0026740456804933
1068.8	0.00268166748643127
1069	0.00269107927867096
1069.2	0.00270229722535037
1069.4	0.002715340962894
1069.6	0.00273023362915419
1069.8	0.00274700190253925
1070	0.00276567604670244
1070.2	0.00278628992195086
1070.4	0.00280888090503612
1070.6	0.00283349002646253
1070.8	0.00286016206097933
1071	0.00288894558564881
1071.2	0.00291989303788733
1071.4	0.00295306077201743
1071.6	0.00298850911262125
1071.8	0.00302630240269938
1072	0.00306650904431033
1072.2	0.00310920157357788
1072.4	0.00315445682881335
1072.6	0.00320235584913046
1072.8	0.00325298381762072
1073	0.00330643001956901
1073.2	0.00336278776980378
1073.4	0.00342215430297465
1073.6	0.00348463061970772
1073.8	0.00355032128059904
1074	0.00361933413895545
1074.2	0.00369177996817355
1074.4	0.00376777192552204
1074.6	0.0038474251180608
1074.8	0.00393085600736131
1075	0.0040181816589821
1075.2	0.00410951885228377
1075.4	0.00420498303332282
1075.6	0.00430468709258619
1075.8	0.00440873994858891
1076	0.00451724491796418
1076.2	0.00463029795526871
1076.4	0.00474798587769175
1076.6	0.00487038373163697
1076.8	0.00499755203591595
1077	0.00512953382492456
1077.2	0.00526635139125715
1077.4	0.00540800272930856
1077.6	0.00555445769068907
1077.8	0.00570565387390442
1078	0.00586149228494303
1078.2	0.00602183261605242
1078.4	0.00618648796701536
1078.6	0.0063552207722751
1078.8	0.00652773850381266
1079	0.00670368944427344
1079.2	0.00688265889697918
1079.4	0.00706416602881215
1079.6	0.0072476615631578
1079.8	0.00743252655577915
1080	0.00761807249410002
1080.2	0.00780354307439853
1080.4	0.0079881179921537
1080.6	0.00817091798162116
1080.8	0.00835101218193998
1081	0.00852742778943365
1081.2	0.00869916186180381
1081.4	0.00886519515530773
1081.6	0.00902450776438525
1081.8	0.00917609621764181
1082	0.0093189915726525
1082.2	0.00945227804205583
1082.4	0.00957511156378756
1082.6	0.00968673693590883
1082.8	0.00978650364189007
1083	0.00987387959244045
1083.2	0.00994846212009058
1083.4	0.0100099857762016
1083.6	0.010058326626441
1083.8	0.0100935029071439
1084	0.0101156720788035
1084.2	0.0101251244332937
1084.4	0.0101222736676002
1084.6	0.0101076452387103
1084.8	0.0100818624329164
1085	0.0100456309522086
1085.2	0.00999972271520589
1085.4	0.00994495946823427
1085.6	0.00988219674640583
1085.8	0.00981230864694574
1086	0.00973617378573803
1086.2	0.00965466267638104
1086.4	0.00956862664838537
1086.6	0.00947888869453704
1086.8	0.00938623604205371
1087	0.00929141437724675
1087.2	0.00919512364586278
1087.4	0.00909801528945887
1087.6	0.00900069075542289
1087.8	0.0089037011068447
1088	0.00880754755642516
1088.2	0.00871268277734166
1088.4	0.00861951284976864
1088.6	0.00852839950775355
1088.8	0.0084396627562431
1089	0.00835358372122669
1089.2	0.00827040761388485
1089.4	0.00819034673017225
1089.6	0.00811358342241908
1089.8	0.00804027299315567
1090	0.0079705464733449
1090.2	0.00790451322630498
1090.4	0.00784226335124266
1090.6	0.00778387011985133
1090.8	0.00772939213605881
1091	0.00767887527653508
1091.2	0.00763235445120247
1091.4	0.00758985518858215
1091.6	0.00755139505256618
1091.8	0.00751698489834822
1092	0.00748662997587651
1092.2	0.00746033088099993
1092.4	0.00743808431163335
1092.6	0.00741988371498909
1092.8	0.00740571986252519
1093	0.00739558131502246
1093.2	0.00738945478184452
1093.4	0.00738732537993586
1093.6	0.00738917679736262
1093.8	0.00739499136545132
1094	0.00740475004284841
1094.2	0.00741843238094757
1094.4	0.00743601658548292
1094.6	0.00745747912913928
1094.8	0.00748279434689265
1095	0.00751193400529055
1095.2	0.00754486679031299
1095.4	0.00758155771350656
1095.6	0.00762196743598922
1095.8	0.00766605150998122
1096	0.0077137595377647
1096.2	0.00776503413412559
1096.4	0.00781980953937348
1096.6	0.00787801081174787
1096.8	0.00793955277846943
1097	0.00800433881364003
1097.2	0.00807225955439086
1097.4	0.0081431915648669
1097.6	0.008216995960473
1097.8	0.00829351700775686
1098	0.00837258071890602
1098.2	0.00845399356103073
1098.4	0.00853754142002755
1098.6	0.00862298806521523
1098.8	0.00871007389020487
1099	0.00879851489749373
1099.2	0.00888800187919447
1099.4	0.00897819984285375
1099.6	0.00906874773452874
1099.8	0.00915925851345053
1100	0.00924931963335678
1100.2	0.00933849393569888
1100.4	0.00942632096109509
1100.6	0.00951231911938842
1100.8	0.00959598835546428
1101	0.00967681338493453
1101.2	0.00975426755916656
1101.4	0.00982781735206859
1101.6	0.00989692744061021
1101.8	0.00996106632848004
1102	0.0100197124382893
1102.2	0.0100723606487683
1102.4	0.0101185291872768
1102.6	0.0101577661311077
1102.8	0.0101896560559686
1103	0.0102138265412658
1103.2	0.010229954267836
1103.4	0.0102377705293359
1103.6	0.0102370659870731
1103.8	0.0102276945146223
1104	0.010209576002743
1104.2	0.0101826980096869
1104.4	0.0101471162707057
1104.6	0.0101029541469408
1104.8	0.0100504006874198
1105	0.00998970749575804
1105.2	0.00992118453872866
1105.4	0.00984519502718857
1105.6	0.0097621495261925
1105.8	0.00967249946979614
1106	0.00957673026645949
1106.2	0.00947535409495149
1106.4	0.00936890242722475
1106.6	0.00925791918787574
1106.8	0.00914295412961935
1107	0.00902455654903858
1107.2	0.00890326951705729
1107.4	0.00877962470138052
1107.6	0.00865413783266695
1107.8	0.00852730484207774
1108	0.00839959867596493
1108.2	0.00827146688824436
1108.4	0.00814333009706743
1108.6	0.00801558034037107
1108.8	0.00788858018677141
1109	0.00776266244829858
1109.2	0.00763813032303686
1109.4	0.00751525790647105
1109.6	0.00739429101131384
1109.8	0.00727544823816453
1110	0.0071589222431126
1110.2	0.00704488110574264
1110.4	0.00693346971716927
1110.6	0.00682481152634392
1110.8	0.00671901020772064
1111	0.00661615128070064
1111.2	0.00651630370733553
1111.4	0.00641952144952064
1111.6	0.00632584497097585
1111.8	0.00623530267293195
1112	0.00614791225559662
1112.2	0.00606368197491099
1112.4	0.00598261177794303
1112.6	0.00590469451519059
1112.8	0.00582991700200412
1113	0.00575826097046333
1113.2	0.00568970394263262
1113.4	0.00562422002868605
1113.6	0.00556178065389918
1113.8	0.00550235521883882
1114	0.0054459116972828
1114.2	0.00539241719920532
1114.4	0.00534183850342107
1114.6	0.00529414238889043
1114.8	0.0052492960020317
1115	0.00520726721252381
1115.2	0.00516802493312262
1115.4	0.00513153940727846
1115.6	0.00509778246813578
1115.8	0.00506672777227843
1116	0.00503835101137445
1116.2	0.00501263010713943
1116.4	0.0049895454056738
1116.6	0.00496907985121151
1116.8	0.00495121913717821
1117	0.00493595184794147
1117.2	0.0049232695935735
1117.4	0.00491316713957014
1117.6	0.00490564253334896
1117.8	0.00490069722924222
1118	0.00489833621360813
1118.2	0.00489856814807091
1118.4	0.00490140556045527
1118.6	0.0049068649507537
1118.8	0.00491496691929006
1119	0.00492573631614348
1119.2	0.00493920239961382
1119.4	0.0049553990051239
1119.6	0.00497436472597373
1119.8	0.00499614310739414
1120	0.00502078285539765
1120.2	0.00504833800027721
1120.4	0.0050788679264256
1120.6	0.00511243776833835
1120.8	0.00514911874379953
1121	0.00518898845473776
1121.2	0.00523213121267007
1121.4	0.0052786383909083
1121.6	0.00532860880587127
1121.8	0.0053821491300454
1122	0.00543937433935401
1122.2	0.00550040825695561
1122.4	0.00556538427774214
1122.6	0.00563444580241756
1122.8	0.00570774680861976
1123	0.00578545252936202
1123.2	0.00586774018979623
1123.4	0.00595479980763159
1123.6	0.00604683506308552
1123.8	0.00614406424485333
1124	0.00624672127925635
1124.2	0.00635505689036972
1124.4	0.00646933995443177
1124.6	0.00658985873799015
1124.8	0.0067169223173256
1125	0.00685086216746775
1125.2	0.00699203389773032
1125.4	0.00714081914867331
1125.6	0.00729762766709359
1125.8	0.00746289957755749
1126	0.00763710787113096
1126.2	0.00782076112170352
1126.4	0.00801440643803873
1126.6	0.0082186327822169
1126.8	0.00843407459627406
1127	0.00866141578064109
1127.2	0.0089013940766924
1127.4	0.0091548058992095
1127.6	0.0094225116703326
1127.8	0.00970544171309318
1128	0.0100046027700556
1128.2	0.0103210845611655
1128.4	0.0106560655137276
1128.6	0.0110108230429739
1128.8	0.0113867438443008
1129	0.011785334669147
1129.2	0.0122082343113633
1129.4	0.0126572269548025
1129.6	0.0131342570532289
1129.8	0.0136414459369176
1130	0.0141811103668769
1130.2	0.0147557857257677
1130.4	0.0153682578120069
1130.6	0.0160215840883623
1130.8	0.0167191215769717
1131	0.0174645606814759
1131.2	0.0182619632893155
1131.4	0.0191158057405052
1131.6	0.0200310273322006
1131.8	0.021013085122495
1132	0.0220680159029327
1132.2	0.0232025005874737
1132.4	0.024423922942672
1132.6	0.0257404696142907
1132.8	0.0271612343091412
1133	0.0286963299371101
1133.2	0.0303570153231154
1133.4	0.0321558382540909
1133.6	0.0341067967425188
1133.8	0.0362255204607551
1134	0.0385294742981255
1134.2	0.0410381969078212
1134.4	0.043773594721427
1134.6	0.0467602049622221
1134.8	0.0500254991972267
1135	0.0536002225578197
1135.2	0.0575187554672702
1135.4	0.0618194903948103
1135.6	0.0665452107970447
1135.8	0.0717434516985783
1136	0.0774668104738075
1136.2	0.083773142458223
1136.4	0.0907255401337534
1136.6	0.09839215043012
1136.8	0.106845582753552
1137	0.116161738535059
1137.2	0.126417852696256
1137.4	0.137689465901647
1137.6	0.15004599449076
1137.8	0.16354453329119
1138	0.178221542804656
1138.2	0.19408220744379
1138.4	0.211087520289428
1138.6	0.22913932907472
1138.8	0.248064723139708
1139	0.267601907081213
1139.2	0.287390765884022
1139.4	0.306972215902757
1139.6	0.325800574278522
1139.8	0.343271998584505
1140	0.358769181006009
1140.2	0.371718189901167
1140.4	0.381648837165713
1140.6	0.388247080025979
1140.8	0.391388217075822
1141	0.391143877414231
1141.2	0.38776234935087
1141.4	0.381628221427913
1141.6	0.373211262898536
1141.8	0.36301494993059
1142	0.351532659668153
1142.2	0.339215860421708
1142.4	0.326455107539632
1142.6	0.313572050124465
1142.8	0.300819761781091
1143	0.28838842544274
1143.2	0.276413823372867
1143.4	0.264986765639592
1143.6	0.254162249713373
1143.8	0.243967679412875
1144	0.234409853183363
1144.2	0.225480654174437
1144.4	0.217161523242625
1144.6	0.209427031667089
1144.8	0.202247534283581
1145	0.19559110730132
1145.2	0.189424943520194
1145.4	0.183716330170855
1145.6	0.178433311111026
1145.8	0.173545113977681
1146	0.169022404942535
1146.2	0.164837424786372
1146.4	0.160964044907424
1146.6	0.157377726145616
1146.8	0.154055454178797
1147	0.150975655264079
1147.2	0.148118096422298
1147.4	0.1454637779038
1147.6	0.14299482358285
1147.8	0.140694373330578
1148	0.138546480264167
1148.2	0.136536015284872
1148.4	0.13464858057396
1148.6	0.132870430557136
1148.8	0.131188404201995
1149	0.129589868644076
1149.2	0.128062674212862
1149.4	0.126595121174137
1149.6	0.125175938369778
1149.8	0.123794273785683
1150	0.122439696900474
1150.2	0.121102211997324
1150.4	0.119772281388414
1150.6	0.118440861212886
1150.8	0.117099444889766
1151	0.115740113244031
1151.2	0.11435558987503
1151.4	0.112939299538973
1151.6	0.11148542703479
1151.8	0.109988973869107
1152	0.108445809858098
1152.2	0.106852716282722
1152.4	0.105207417221703
1152.6	0.103508600994399
1152.8	0.101755925690472
1153	0.0999500077452494
1153.2	0.0980923932831761
1153.4	0.0961855121667569
1153.6	0.0942326154400785
1153.8	0.0922376975854468
1154	0.0902054056717574
1154.2	0.0881409381559171
1154.4	0.0860499365104678
1154.6	0.0839383718415114
1154.8	0.0818124308714774
1155	0.0796784043774025
1155.2	0.0775425808887432
1155.4	0.0754111481875397
1155.6	0.0732901046703288
1155.8	0.0711851820951291
1156	0.0691017806852989
1156.2	0.0670449203803358
1156.4	0.0650192110588511
1156.6	0.0630288143924207
1156.8	0.0610774244371803
1157	0.0591682621498311
1157.2	0.0573040791251158
1157.4	0.0554871692006665
1157.6	0.0537193865443536
1157.8	0.0520021688667529
1158	0.0503365644749784
1158.2	0.0487232565546866
1158.4	0.0471625797106849
1158.6	0.045654570950473
1158.8	0.0441990073928643
1159	0.0427954373961952
1159.2	0.0414432104494477
1159.4	0.0401415054750697
1159.6	0.0388893572966661
1159.8	0.0376856811145229
1160	0.0365292949073458
1160.2	0.0354189443246679
1160.4	0.0343533331141082
1160.6	0.0333311230359707
1160.8	0.0323509435914417
1161	0.0314114049587513
1161.2	0.0305111092586833
1161.4	0.029648660274989
1161.6	0.0288226717592786
1161.8	0.0280317744501647
1162	0.0272746219337164
1162.2	0.0265498923774498
1162.4	0.0258562843000712
1162.6	0.025192530761767
1162.8	0.0245574047942427
1163	0.0239497208423832
1163.2	0.0233683356942778
1163.4	0.0228121489753209
1163.6	0.0222801032738581
1163.8	0.0217711839581759
1164	0.0212844187375639
1164.2	0.0208188789427259
1164.4	0.0203736837477889
1164.6	0.0199479922287443
1164.8	0.0195410004024072
1165	0.0191519402943225
1165.2	0.0187800789306893
1165.4	0.018424717274474
1165.6	0.0180851891229499
1165.8	0.0177608599813242
1166	0.0174511259248498
1166.2	0.0171554113212171
1166.4	0.0168731647722318
1166.6	0.0166038622056286
1166.8	0.0163470069149922
1167	0.0161021283707853
1167.2	0.0158687810734451
1167.4	0.0156465434503867
1167.6	0.015435016798134
1167.8	0.0152338242702433
1168	0.015042609911254
1168.2	0.0148610383221148
1168.4	0.0146887952171345
1168.6	0.0145255843015996
1168.8	0.0143711258841939
1169	0.014225156194621
1169.2	0.0140874267351213
1169.4	0.0139577036653069
1169.6	0.0138357672196287
1169.8	0.0137214111567245
1170	0.013614442239841
1170.2	0.0135146795836934
1170.4	0.0134219539002798
1170.6	0.0133361078912695
1170.8	0.0132569960333674
1171	0.0131844841805026
1171.2	0.0131184491963899
1171.4	0.0130587786164411
1171.6	0.0130053703380521
1171.8	0.0129581323383638
1172	0.0129169824186514
1172.2	0.0128818479504442
1172.4	0.0128526655189392
1172.6	0.0128293806772743
1172.8	0.0128119477963989
1173	0.0128003299325808
1173.2	0.0127944987161413
1173.4	0.0127944342610538
1173.6	0.0128001250950969
1173.8	0.0128115681103058
1174	0.0128287685335142
1174.2	0.0128517398946385
1174.4	0.0128805039558129
1174.6	0.0129150907821449
1174.8	0.0129555388090565
1175	0.013001894910562
1175.2	0.0130542144871808
1175.4	0.013112561573631
1175.6	0.0131770089664964
1175.8	0.0132476383720927
1176	0.0133245405747644
1176.2	0.013407815793097
1176.4	0.0134975744596638
1176.6	0.0135939370761373
1176.8	0.0136970343286095
1177	0.0138070073775441
1177.2	0.0139240081724407
1177.4	0.0140481997918386
1177.6	0.0141797568093226
1177.8	0.0143188656862232
1178	0.0144657251917133
1178.2	0.0146205465875456
1178.4	0.0147835532259585
1178.6	0.0149549816823173
1178.8	0.0151350825125991
1179	0.01532412079719
1179.2	0.0155223767137224
1179.4	0.0157301461393297
1179.6	0.0159477412825971
1179.8	0.0161754913453499
1180	0.0164137432142616
1180.2	0.0166628622699272
1180.4	0.0169232334319851
1180.6	0.0171952617327949
1180.8	0.017479373052106
1181	0.0177760149589809
1181.2	0.0180856575786485
1181.4	0.0184087944818799
1181.6	0.0187459435938274
1181.8	0.0190976481185456
1182	0.019464477474537
1182.2	0.0198470289819993
1182.4	0.0202459312757091
1182.6	0.0206618434384407
1182.8	0.021095455295277
1183	0.0215474883752823
1183.2	0.0220186968366317
1183.4	0.0225098683400837
1183.6	0.0230218248531873
1183.8	0.0235554233647433
1184	0.0241115564858329
1184.2	0.0246911506080131
1184.4	0.0252951585526238
1184.6	0.0259245651750203
1184.8	0.0265803890949294
1185	0.0272636819871009
1185.2	0.0279755275104434
1185.4	0.0287170398181808
1185.6	0.0294893615852093
1185.8	0.0302936614821001
1186	0.0311311310182365
1186.2	0.0320029840678062
1186.4	0.0329104634561998
1186.6	0.033854827179487
1186.8	0.0348373389443932
1187	0.0358592607287622
1187.2	0.0369218440954996
1187.4	0.0380263201328365
1187.6	0.0391738878911407
1187.8	0.0403657011865697
1188	0.0416028536454045
1188.2	0.0428863595195972
1188.4	0.0442171271434354
1188.6	0.0455959438883909
1188.8	0.0470234552772348
1189	0.0485001398040024
1189.2	0.0500262816871384
1189.4	0.0516019416564138
1189.6	0.053226925948286
1189.8	0.0549007537717167
1190	0.0566226236076291
1190.2	0.0583913781376398
1190.4	0.0602054675871508
1190.6	0.0620629177292799
1190.8	0.0639612982934752
1191	0.0658976932965776
1191.2	0.067868675093373
1191.4	0.0698702834128514
1191.6	0.0718980107349876
1191.8	0.0739467954133301
1192	0.0760110239489735
1192.2	0.078084546925147
1192.4	0.0801607130413425
1192.6	0.0822323966324308
1192.8	0.0842920444771262
1193	0.0863317393686766
1193.2	0.0883432771913665
1193.4	0.0903182568454922
1193.6	0.0922481817970815
1193.8	0.0941245714467217
1194	0.0959390799478825
1194.2	0.0976836163051979
1194.4	0.0993504601504946
1194.6	0.100932396019333
1194.8	0.102422833849054
1195	0.103815916179086
1195.2	0.105106612113397
1195.4	0.106290795035868
1195.6	0.10736530166129
1195.8	0.108327970724321
1196	0.10917766041186
1196.2	0.109914246255672
1196.4	0.110538600551419
1196.6	0.111052541065985
1196.8	0.111458768785943
1197	0.111760793710269
1197.2	0.111962849491847
1197.4	0.11206980004632
1197.6	0.112087041257972
1197.8	0.112020400782873
1198	0.111876038702929
1198.2	0.111660351214064
1198.4	0.111379879970456
1198.6	0.111041230060644
1198.8	0.110650994002364
1199	0.110215684106952
1199.2	0.109741674094777
1199.4	0.109235150033405
1199.6	0.108702070389845
1199.8	0.108148134764241
1200	0.107578760703709
